Loading open issues:
11309 documents

Extracting features from the training dataset using a sparse vectorizer
done in 5.971091s
n_samples: 11309, n_features: 7777

Clustering sparse data with KMeans(algorithm='auto', copy_x=True, init='k-means++', max_iter=100,
       n_clusters=16, n_init=10, n_jobs=None, precompute_distances='auto',
       random_state=None, tol=0.0001, verbose=False)
done in 53.657s

Top terms per cluster:
Cluster 0: use change remove field work added error page form connected
  mlibrary/heliotrope (498 issues): 1911, 2327, 2170, 2313, 628, 2390, 1222, 1766, 2099, 2190, 2490, 2047, 1316, 1849, 1550, 1368, 991, 75, 1887, 110, 1784, 437, 1832, 1940, 973, 363, 1498, 1312, 2226, 1982, 2309, 2310, 2404, 1629, 166, 2017, 2140, 2026, 420, 1878, 2000, 1113, 2196, 2030, 1960, 302, 2261, 1177, 2127, 2291, 2201, 2340, 562, 2482, 2167, 111, 2234, 1885, 2498, 1824, 1932, 1978, 2413, 312, 2165, 2403, 2213, 2450, 827, 144, 2031, 1156, 2024, 1967, 2437, 1328, 223, 2095, 391, 1619, 859, 299, 1817, 2243, 1933, 2115, 1739, 1990, 1327, 606, 2086, 770, 1893, 2078, 2153, 1783, 2296, 409, 2511, 2317, 1300, 2347, 336, 2098, 2124, 834, 1329, 2224, 2377, 631, 1861, 1874, 1086, 1355, 2220, 1821, 1901, 1853, 471, 2325, 2275, 1760, 2443, 1417, 1833, 356, 1818, 2096, 2215, 1640, 2426, 2518, 2235, 2009, 92, 780, 1515, 2318, 750, 2199, 103, 2162, 2363, 2286, 689, 2386, 462, 2191, 1984, 2158, 1924, 2447, 2184, 2066, 2298, 2459, 2018, 1672, 2114, 2011, 1799, 2143, 2208, 996, 308, 1432, 641, 2044, 1042, 1129, 2456, 2042, 495, 1737, 2334, 2251, 2448, 2147, 1357, 1905, 1966, 2264, 2497, 1666, 376, 2508, 917, 1613, 2352, 2192, 235, 106, 2133, 2139, 2116, 1868, 445, 528, 2197, 2432, 1530, 2400, 2081, 2242, 1829, 632, 2458, 2110, 332, 2357, 2109, 2288, 2132, 2515, 2120, 366, 1912, 1985, 2041, 2141, 2013, 2375, 2152, 2240, 2155, 2474, 981, 1906, 2422, 1954, 1133, 1867, 2494, 2227, 2248, 2353, 2454, 2362, 2344, 2505, 58, 1167, 1819, 842, 2038, 525, 2355, 2305, 1888, 2144, 415, 130, 442, 2393, 2160, 2488, 140, 2107, 1897, 2399, 2351, 2322, 210, 2101, 353, 1859, 2150, 1114, 383, 1437, 1880, 2274, 2074, 1958, 1823, 2204, 2321, 510, 2431, 687, 1963, 1734, 1040, 2023, 1223, 2323, 1879, 1047, 2084, 2260, 1973, 2292, 623, 2221, 2209, 2346, 2451, 2477, 1922, 199, 2329, 2441, 1255, 2151, 1414, 142, 549, 1639, 468, 1972, 392, 696, 2499, 2343, 1866, 2316, 1770, 1029, 953, 1611, 1997, 1889, 2028, 2487, 1045, 194, 196, 1851, 2025, 2452, 370, 499, 2395, 2486, 2285, 2423, 2019, 1872, 2230, 1425, 2420, 1890, 65, 1839, 1211, 176, 1846, 989, 413, 1299, 298, 2330, 1939, 1921, 2176, 1313, 1771, 1660, 225, 2232, 1111, 1891, 1843, 168, 2416, 2102, 2193, 421, 2463, 756, 2453, 2059, 2424, 450, 1275, 2408, 1970, 1957, 736, 2104, 357, 247, 1225, 1841, 1934, 1895, 1203, 2142, 2111, 972, 1292, 1402, 2001, 372, 2516, 2188, 2510, 2409, 951, 1664, 2005, 1925, 1959, 1913, 2504, 699, 2379, 448, 2289, 1836, 2412, 2370, 2228, 1139, 2312, 1632, 2118, 2128, 208, 2445, 1980, 644, 1349, 2476, 2427, 2324, 645, 2212, 515, 2383, 2480, 2514, 361, 755, 1385, 924, 2117, 1407, 1882, 509, 1570, 551, 1398, 1915, 2272, 1946, 743, 2444, 1763, 1948, 2339, 688, 1987, 2262, 1112, 1276, 1838, 1682, 1864, 2148, 2397, 1902, 2058, 1582, 901, 2364, 2195, 1338, 137, 2449, 2182, 2328, 2398, 2270, 2126, 1900, 2440, 1847, 2301, 2349, 969, 2512, 1830, 1952, 700, 1663, 1774, 2513, 571, 1373, 2421, 1850, 1856, 573, 1779, 1633, 2125, 2247
  curationexperts/laevigata (416 issues): 1460, 512, 1771, 1524, 81, 1101, 100, 1358, 1774, 547, 1430, 1886, 962, 1343, 1785, 1467, 270, 110, 239, 1751, 1735, 1740, 1649, 1577, 1938, 1650, 1914, 1753, 1452, 411, 1078, 1134, 325, 1876, 1478, 994, 66, 1418, 1255, 778, 1397, 823, 1877, 1888, 1431, 1875, 1644, 1409, 1439, 540, 1756, 734, 420, 630, 1906, 1321, 154, 1291, 1866, 1652, 888, 417, 1872, 917, 727, 943, 1680, 904, 374, 1775, 328, 1046, 34, 1885, 813, 968, 760, 1392, 1281, 337, 1355, 603, 1685, 1365, 473, 155, 1170, 1115, 1215, 454, 1950, 871, 988, 1121, 935, 1002, 529, 267, 1710, 631, 754, 1282, 1767, 1410, 1641, 106, 1327, 266, 865, 824, 616, 1732, 1522, 1787, 1203, 933, 1621, 1761, 1236, 1304, 1008, 556, 1564, 842, 1100, 1874, 1454, 652, 1042, 499, 1058, 185, 1479, 878, 549, 929, 1034, 1744, 203, 581, 1658, 1413, 1131, 1926, 389, 1212, 439, 1055, 1393, 1713, 1064, 1356, 612, 26, 1317, 1422, 1011, 1459, 1360, 1575, 1339, 272, 1429, 875, 1242, 840, 366, 614, 1705, 643, 1229, 302, 1654, 1401, 1438, 466, 1716, 1364, 1244, 668, 1648, 515, 1823, 1426, 1403, 1130, 453, 755, 1783, 1095, 640, 807, 758, 1234, 537, 853, 1380, 1490, 1396, 1252, 1077, 1624, 1574, 1772, 1465, 1800, 1857, 874, 966, 1337, 1653, 632, 120, 932, 1122, 1158, 1103, 407, 288, 397, 1031, 460, 400, 837, 510, 1200, 634, 1125, 1141, 1123, 1637, 1004, 1264, 1018, 401, 838, 1925, 1794, 1001, 286, 431, 1000, 1567, 809, 1491, 1958, 1024, 1019, 771, 1898, 1840, 22, 521, 1665, 1386, 35, 1712, 380, 1308, 563, 1274, 1117, 1480, 1506, 1014, 1784, 1661, 1442, 637, 1218, 1852, 1867, 384, 470, 1156, 1636, 491, 877, 1535, 666, 1799, 1427, 934, 1226, 1752, 1263, 1205, 1531, 636, 957, 535, 907, 1155, 1746, 218, 964, 980, 644, 793, 819, 971, 506, 1461, 1812, 1813, 501, 558, 947, 1235, 1640, 1609, 922, 868, 1549, 1638, 829, 1856, 363, 1942, 624, 1104, 1357, 1292, 736, 578, 1340, 1720, 1727, 1138, 990, 1049, 1848, 848, 1381, 1451, 1322, 1398, 596, 1417, 576, 1839, 669, 989, 371, 916, 1220, 382, 891, 1831, 1362, 1415, 115, 965, 216, 222, 1880, 693, 1612, 1502, 1576, 1382, 1265, 1230, 414, 1331, 1363, 1093, 538, 1005, 1378, 312, 1248, 1754, 264, 814, 1916, 1563, 621, 1878, 1682, 1379, 1487, 1922, 655, 1318, 1714, 1792, 1359, 1895, 1801, 1297, 1436, 835, 387, 1660, 1664, 370, 1348, 1488, 349, 334, 1435, 323, 131, 890, 898, 1419, 1717, 1550, 1587, 1254, 940, 319, 1726, 1060, 822
  MPLSFedResearch/cypripedium (97 issues): 165, 82, 54, 136, 183, 157, 292, 162, 294, 106, 221, 53, 152, 98, 173, 181, 31, 154, 132, 280, 55, 85, 171, 252, 251, 243, 269, 89, 94, 118, 95, 304, 52, 340, 313, 140, 274, 281, 112, 27, 229, 226, 285, 311, 47, 36, 241, 302, 177, 105, 170, 169, 120, 131, 318, 244, 214, 255, 155, 179, 39, 40, 158, 342, 291, 90, 92, 3, 268, 235, 29, 172, 117, 310, 286, 344, 96, 301, 178, 240, 164, 108, 30, 271, 48, 41, 15, 347, 49, 279, 113, 174, 216, 51, 289, 107, 246
  pulibrary/figgy (284 issues): 865, 462, 3106, 357, 3101, 1668, 2974, 95, 1277, 874, 1080, 1932, 1496, 2354, 3401, 1475, 2891, 2513, 164, 959, 136, 1298, 2253, 28, 1720, 2255, 1827, 1880, 505, 2560, 2367, 44, 1300, 1926, 106, 2949, 873, 1039, 2154, 148, 729, 1010, 1533, 2543, 3278, 2245, 2512, 2192, 205, 560, 2922, 1314, 32, 2237, 229, 831, 590, 1810, 467, 327, 464, 352, 3089, 1510, 3096, 2829, 2860, 3200, 3333, 761, 803, 607, 798, 2562, 2355, 1796, 1077, 2112, 1896, 1763, 2760, 1833, 191, 1830, 299, 3140, 35, 772, 3208, 2591, 3110, 96, 3289, 1182, 2499, 2087, 153, 1912, 2982, 3262, 1770, 202, 1064, 2290, 2766, 715, 1021, 197, 2375, 3123, 1885, 872, 2971, 3173, 186, 1063, 384, 1507, 2733, 2145, 135, 764, 2533, 2161, 3056, 3266, 2054, 1949, 2620, 1351, 2552, 1268, 2351, 400, 733, 721, 2227, 1164, 2544, 12, 2397, 2755, 2629, 698, 3147, 3362, 965, 398, 386, 3104, 1767, 2536, 1509, 158, 1336, 1386, 2553, 2378, 1462, 739, 548, 1113, 2805, 2726, 1213, 471, 2906, 2711, 2954, 948, 358, 3002, 29, 1759, 2913, 419, 75, 3108, 929, 820, 417, 415, 1933, 745, 1931, 3292, 1828, 320, 45, 3115, 3169, 2587, 2948, 435, 3202, 1402, 1161, 1758, 1806, 2779, 2545, 245, 2515, 2754, 540, 1924, 3342, 1798, 346, 193, 42, 3371, 2250, 1297, 926, 2130, 1352, 2806, 555, 2121, 1074, 1454, 2548, 1660, 1950, 2757, 2578, 102, 677, 2961, 1925, 6, 499, 2852, 880, 1873, 270, 2117, 41, 1378, 4, 3263, 1312, 2372, 1755, 3068, 482, 2026, 3302, 3174, 443, 2169, 2546, 2197, 611, 2848, 3160, 2527, 227, 2120, 157, 2676, 2713, 3294, 38, 2659, 908, 1789, 3045, 3183, 1065, 341, 2783, 716, 2386, 261, 1945, 890, 2215, 13, 2851, 2050, 2570, 199
  ndlib_curate/nd (379 issues): 99, 125, 586, 561, 519, 18, 550, 296, 193, 599, 245, 88, 279, 636, 126, 700, 595, 570, 833, 175, 537, 576, 682, 232, 156, 145, 583, 513, 574, 548, 608, 774, 322, 667, 792, 685, 490, 617, 711, 563, 78, 173, 496, 157, 147, 638, 663, 61, 568, 545, 277, 618, 598, 27, 120, 677, 753, 259, 464, 499, 8, 814, 379, 92, 834, 710, 165, 634, 726, 392, 698, 804, 170, 429, 348, 449, 280, 71, 289, 276, 346, 755, 356, 678, 421, 549, 260, 562, 631, 357, 587, 47, 30, 557, 656, 672, 326, 29, 603, 320, 772, 77, 68, 564, 180, 602, 388, 532, 566, 597, 547, 649, 182, 729, 274, 732, 338, 596, 702, 438, 408, 746, 434, 299, 733, 253, 705, 654, 184, 675, 827, 132, 762, 324, 807, 407, 96, 238, 292, 829, 385, 454, 806, 103, 177, 14, 578, 108, 704, 106, 693, 90, 181, 712, 140, 473, 315, 290, 287, 836, 683, 87, 275, 511, 718, 581, 176, 588, 633, 460, 584, 20, 158, 725, 694, 632, 340, 21, 627, 282, 171, 89, 533, 771, 838, 600, 110, 418, 779, 764, 715, 734, 747, 301, 536, 243, 653, 248, 107, 489, 788, 556, 462, 230, 242, 620, 687, 551, 769, 337, 281, 34, 765, 798, 659, 32, 616, 791, 688, 674, 295, 450, 339, 23, 161, 186, 272, 188, 329, 431, 256, 316, 680, 371, 639, 127, 754, 604, 624, 671, 130, 640, 36, 153, 488, 59, 234, 524, 607, 381, 696, 691, 605, 652, 390, 378, 538, 318, 546, 610, 681, 719, 593, 6, 305, 523, 716, 651, 731, 327, 109, 623, 297, 444, 601, 697, 19, 790, 159, 647, 828, 67, 294, 660, 766, 342, 527, 773, 302, 743, 543, 11, 154, 66, 102, 839, 619, 251, 307, 501, 451, 26, 31, 579, 16, 740, 2, 455, 742, 456, 202, 776, 304, 560, 446, 670, 69, 644, 686, 723, 445, 565, 728, 7, 72, 57, 541, 141, 528, 325, 502, 33, 73, 183, 495, 699, 453, 91, 466, 797, 507, 178, 571, 487, 82, 237, 24, 626, 155, 235, 148, 592, 35, 162, 443, 845, 374, 64, 695, 529, 476, 509, 288, 591, 236, 812, 554, 398, 714, 684, 362, 5, 93, 635, 345, 778, 609, 802, 664
  UCLALibrary/californica (214 issues): 288, 365, 312, 406, 674, 251, 293, 261, 318, 726, 611, 606, 582, 191, 634, 625, 184, 277, 88, 642, 732, 737, 331, 724, 670, 638, 119, 213, 5, 29, 693, 630, 193, 9, 580, 181, 488, 542, 562, 270, 291, 327, 669, 592, 493, 319, 695, 487, 637, 411, 725, 28, 82, 608, 125, 417, 671, 719, 703, 501, 292, 223, 61, 618, 333, 576, 39, 602, 714, 648, 129, 543, 641, 614, 656, 10, 144, 116, 588, 738, 314, 250, 231, 551, 6, 705, 683, 302, 626, 723, 512, 728, 424, 548, 717, 635, 731, 591, 313, 218, 622, 615, 660, 678, 713, 530, 616, 338, 663, 208, 617, 26, 600, 480, 604, 739, 673, 594, 30, 627, 352, 697, 698, 526, 27, 658, 657, 613, 186, 549, 260, 623, 649, 607, 610, 276, 21, 378, 217, 461, 535, 718, 730, 138, 334, 524, 557, 632, 159, 567, 371, 532, 624, 707, 124, 652, 388, 720, 446, 410, 370, 210, 628, 696, 442, 645, 677, 679, 196, 619, 631, 219, 233, 286, 629, 137, 681, 729, 130, 366, 135, 350, 554, 128, 636, 609, 263, 258, 287, 459, 655, 716, 668, 211, 650, 712, 736, 691, 290, 583, 692, 230, 229, 709, 377, 694, 581, 254, 633, 421, 550, 715, 529, 722
  sciencehistory/chf-sufia (187 issues): 1138, 779, 751, 1050, 571, 731, 733, 395, 698, 625, 1010, 1237, 682, 1227, 821, 840, 412, 898, 1211, 1207, 451, 1047, 1230, 882, 847, 1277, 1246, 551, 1090, 461, 502, 360, 414, 408, 497, 113, 826, 1156, 721, 781, 658, 392, 803, 970, 546, 742, 1126, 827, 705, 608, 644, 1104, 825, 173, 971, 372, 697, 906, 588, 1098, 804, 415, 1252, 954, 440, 981, 683, 913, 1147, 530, 720, 900, 1040, 485, 820, 1129, 490, 860, 1119, 1052, 662, 661, 420, 905, 969, 543, 404, 866, 570, 1185, 1272, 780, 651, 559, 634, 973, 639, 688, 883, 122, 1054, 585, 917, 400, 695, 1083, 753, 464, 446, 690, 855, 602, 167, 962, 1257, 601, 747, 696, 1035, 812, 1067, 991, 801, 376, 354, 926, 1041, 907, 620, 382, 959, 1235, 950, 30, 663, 1042, 904, 120, 1222, 29, 830, 418, 730, 1120, 599, 1245, 637, 557, 726, 728, 652, 1256, 880, 666, 868, 702, 169, 1236, 1060, 1086, 654, 1013, 958, 1247, 722, 838, 1124, 893, 125, 745, 1128, 1202, 724, 723, 784, 776, 1025, 1095, 511, 670, 704, 361, 755, 1226, 1140, 894, 986
  OregonDigital/oregondigital (188 issues): 666, 884, 1233, 860, 751, 41, 876, 682, 201, 1212, 51, 298, 4, 1069, 1198, 821, 319, 63, 80, 10, 131, 83, 1264, 60, 641, 541, 773, 592, 775, 748, 485, 1152, 676, 1026, 96, 1120, 779, 924, 784, 926, 163, 293, 590, 258, 49, 414, 945, 146, 639, 113, 1074, 588, 806, 509, 591, 1234, 491, 242, 89, 182, 646, 145, 771, 750, 688, 1150, 97, 866, 486, 14, 777, 2, 341, 753, 100, 247, 538, 534, 47, 246, 1159, 141, 888, 44, 1008, 839, 749, 136, 105, 3, 40, 13, 336, 363, 791, 873, 946, 275, 510, 1151, 609, 504, 778, 1081, 683, 287, 1111, 1112, 496, 604, 1170, 613, 1036, 238, 249, 1138, 584, 535, 61, 774, 1188, 507, 556, 233, 681, 430, 339, 6, 882, 207, 1071, 134, 1281, 1, 872, 310, 585, 1220, 658, 1116, 840, 58, 15, 1047, 150, 198, 450, 793, 124, 225, 623, 138, 295, 286, 137, 1080, 244, 1171, 112, 715, 118, 473, 184, 453, 870, 318, 240, 875, 468, 776, 79, 624, 162, 1077, 125, 861, 818, 59, 222, 696, 747, 545, 314, 1030, 812, 346, 785, 895
  psu-stewardship/scholarsphere (277 issues): 798, 2, 467, 749, 454, 1270, 1028, 839, 1119, 1118, 327, 1541, 557, 768, 163, 446, 1096, 1542, 1083, 529, 1046, 1191, 1040, 66, 1023, 692, 462, 1122, 1575, 1533, 1144, 298, 833, 1077, 309, 266, 1287, 922, 130, 719, 44, 1010, 1489, 63, 1616, 1162, 1341, 897, 1099, 1370, 1187, 1055, 840, 475, 926, 1581, 1008, 1357, 268, 877, 1039, 27, 1275, 427, 1354, 648, 64, 31, 1080, 617, 81, 1193, 713, 1024, 1497, 1221, 1184, 752, 568, 940, 831, 43, 1017, 673, 255, 1198, 855, 54, 1298, 1004, 1148, 1281, 762, 1539, 499, 141, 39, 1545, 317, 683, 1215, 1082, 1472, 1610, 1141, 841, 1493, 1131, 616, 535, 1529, 1574, 1333, 1289, 1021, 1544, 1380, 844, 1069, 167, 1368, 1305, 755, 1106, 1112, 1570, 725, 61, 472, 1403, 843, 36, 823, 1491, 398, 809, 1113, 1607, 1495, 41, 35, 964, 1334, 1031, 1366, 820, 99, 1124, 49, 92, 1297, 491, 24, 963, 486, 86, 3, 1210, 1058, 372, 828, 1136, 368, 1447, 51, 759, 1098, 1456, 937, 1487, 657, 1299, 1568, 1067, 800, 38, 485, 1391, 1035, 1084, 33, 1596, 707, 813, 77, 753, 1097, 1105, 1291, 972, 1140, 165, 669, 980, 1390, 1064, 988, 494, 1202, 1463, 420, 397, 1325, 704, 871, 552, 1078, 1528, 1090, 731, 1579, 1469, 1254, 1108, 1151, 1517, 425, 1478, 845, 1295, 1319, 1212, 667, 1430, 1, 1276, 6, 50, 1615, 1149, 1352, 1000, 1026, 1255, 40, 987, 67, 899, 22, 1138, 1059, 58, 662, 1220, 1152, 556, 851, 1412, 560, 903, 1196, 207, 364, 1267, 495, 1217, 1337, 1036, 649, 1537, 26, 1081, 32, 1252, 1185, 69, 211, 1169, 986, 1073, 1485, 18, 1009, 339, 1481, 891, 1137
  WGBH-MLA/ams (136 issues): 123, 202, 248, 146, 228, 356, 109, 326, 128, 308, 230, 154, 120, 88, 299, 245, 246, 206, 207, 306, 211, 87, 76, 35, 101, 83, 317, 54, 176, 354, 182, 200, 26, 148, 209, 33, 305, 310, 21, 175, 214, 345, 105, 296, 318, 366, 217, 17, 323, 179, 133, 277, 241, 32, 279, 365, 22, 65, 58, 234, 151, 232, 70, 184, 94, 240, 166, 222, 2, 147, 72, 328, 226, 8, 353, 186, 229, 294, 89, 93, 364, 181, 52, 324, 316, 288, 86, 16, 167, 220, 106, 254, 235, 252, 69, 284, 15, 142, 334, 149, 201, 258, 180, 100, 320, 227, 315, 287, 322, 161, 327, 203, 63, 139, 108, 218, 198, 295, 233, 160, 199, 257, 127, 278, 330, 56, 344, 116, 215, 113, 53, 223, 103, 238, 31, 247
  ucsdlib/damspas (118 issues): 592, 1, 112, 74, 66, 178, 44, 610, 50, 673, 46, 190, 206, 37, 678, 82, 95, 31, 292, 158, 113, 49, 76, 134, 214, 38, 164, 184, 284, 42, 4, 239, 93, 241, 675, 54, 98, 149, 29, 69, 616, 135, 187, 174, 118, 163, 53, 62, 94, 188, 218, 52, 132, 88, 47, 275, 14, 36, 21, 6, 73, 96, 627, 458, 140, 334, 142, 51, 191, 176, 84, 123, 398, 22, 194, 281, 650, 23, 200, 144, 193, 32, 26, 175, 92, 195, 5, 591, 39, 210, 499, 605, 107, 169, 598, 588, 147, 227, 138, 131, 117, 124, 630, 70, 97, 40, 246, 83, 216, 224, 128, 154, 179, 110, 196, 157, 45, 237
  nulib/donut (160 issues): 293, 354, 19, 398, 145, 312, 347, 163, 180, 256, 295, 429, 320, 351, 319, 240, 460, 150, 203, 24, 397, 192, 211, 291, 8, 292, 426, 143, 407, 135, 485, 88, 327, 258, 197, 321, 324, 420, 437, 247, 370, 254, 93, 371, 400, 184, 255, 385, 157, 220, 334, 306, 432, 142, 151, 355, 140, 16, 185, 251, 260, 362, 360, 154, 59, 30, 166, 181, 110, 430, 229, 66, 391, 349, 161, 195, 325, 11, 134, 489, 289, 456, 353, 193, 97, 419, 338, 51, 222, 263, 257, 138, 139, 23, 99, 482, 332, 259, 233, 377, 367, 484, 452, 90, 236, 461, 20, 56, 380, 412, 311, 441, 399, 308, 190, 284, 169, 408, 352, 123, 155, 253, 422, 369, 270, 244, 18, 100, 1, 458, 403, 264, 470, 386, 382, 191, 119, 366, 127, 372, 14, 227, 359, 465, 401, 146, 148, 225, 262, 68, 277, 133, 132, 218, 245, 209, 206, 147, 213, 201
  emory-libraries/dlp-curate (66 issues): 563, 511, 536, 73, 486, 355, 538, 505, 200, 488, 416, 589, 529, 164, 39, 401, 369, 371, 246, 535, 569, 304, 166, 522, 244, 48, 196, 46, 337, 453, 302, 223, 506, 559, 504, 247, 149, 165, 215, 555, 417, 556, 534, 501, 628, 516, 345, 237, 537, 523, 365, 489, 558, 508, 432, 568, 561, 592, 600, 584, 449, 197, 72, 430, 224, 520
  osulp/Scholars-Archive (233 issues): 151, 1540, 1697, 835, 950, 1815, 1838, 1164, 1914, 1246, 939, 11, 1210, 152, 1776, 1082, 1877, 321, 1712, 442, 550, 1112, 1287, 1258, 1747, 1203, 647, 975, 155, 1845, 1910, 715, 1088, 1046, 468, 1305, 940, 1480, 1565, 851, 1945, 1489, 554, 1304, 330, 482, 1803, 1377, 73, 948, 1558, 1384, 756, 1225, 1911, 1820, 1212, 1789, 331, 1898, 873, 509, 927, 1890, 827, 1226, 607, 1329, 1956, 1162, 1221, 1826, 1850, 39, 1738, 897, 1227, 1578, 1900, 483, 1102, 492, 1455, 1333, 886, 282, 1791, 449, 1831, 1549, 80, 1842, 223, 1619, 13, 1774, 1257, 182, 957, 982, 855, 1530, 1240, 200, 1175, 481, 1284, 285, 470, 1334, 1032, 1795, 1593, 450, 1430, 1586, 1458, 30, 915, 1716, 1937, 1743, 1192, 1431, 533, 1872, 1615, 71, 1664, 480, 237, 1151, 175, 1644, 1860, 1951, 772, 1570, 972, 1628, 564, 1585, 1730, 610, 1856, 941, 1454, 1121, 70, 1071, 1612, 1639, 1873, 1031, 191, 1211, 925, 1249, 466, 1139, 649, 1663, 1072, 980, 555, 79, 69, 236, 181, 1701, 1674, 1245, 1439, 724, 1063, 1389, 1767, 698, 1090, 755, 997, 1008, 911, 830, 657, 952, 1327, 604, 754, 1687, 1456, 254, 1117, 1029, 1629, 1562, 1848, 469, 1337, 1118, 646, 960, 1364, 1073, 1577, 1594, 1571, 498, 638, 793, 1854, 1683, 512, 1030, 1554, 493, 1676, 1415, 1116, 1011, 852, 1720, 1703, 1757, 953, 67, 1138, 1627, 1579, 1560, 1746, 1927, 307
  psu-libraries/cho (121 issues): 1000, 878, 659, 1047, 968, 858, 710, 869, 882, 1058, 701, 299, 338, 284, 534, 367, 982, 291, 856, 1031, 585, 934, 905, 218, 681, 221, 340, 372, 642, 939, 853, 696, 711, 910, 289, 1056, 370, 854, 961, 1040, 984, 282, 1057, 532, 1016, 850, 978, 840, 300, 919, 596, 211, 331, 952, 347, 604, 361, 760, 992, 316, 266, 231, 296, 855, 612, 287, 411, 945, 317, 953, 346, 380, 630, 1030, 970, 219, 780, 907, 269, 262, 912, 554, 270, 220, 661, 606, 369, 943, 676, 365, 1032, 555, 775, 770, 332, 280, 964, 304, 301, 629, 292, 1042, 749, 936, 303, 879, 260, 526, 753, 368, 1038, 344, 1001, 678, 1014, 290, 273, 461, 318, 278, 774
  duke-libraries/ddr-public (128 issues): 328, 257, 7, 527, 327, 510, 508, 454, 163, 280, 285, 538, 111, 497, 521, 583, 541, 495, 11, 90, 496, 545, 9, 526, 506, 584, 520, 66, 153, 311, 577, 502, 352, 518, 543, 594, 323, 12, 94, 191, 588, 238, 359, 245, 488, 294, 475, 89, 195, 470, 350, 139, 513, 432, 492, 165, 326, 404, 88, 47, 561, 371, 353, 463, 208, 190, 509, 281, 152, 485, 356, 376, 317, 291, 547, 572, 351, 385, 405, 501, 199, 13, 159, 184, 482, 529, 313, 555, 598, 549, 329, 546, 449, 563, 171, 182, 425, 302, 491, 134, 157, 383, 537, 511, 231, 573, 531, 342, 263, 373, 274, 446, 105, 580, 310, 423, 158, 456, 149, 275, 334, 493, 460, 363, 68, 325, 237, 484
  gwu-libraries/scholarspace-hyrax (13 issues): 216, 38, 176, 70, 59, 172, 37, 116, 87, 15, 205, 147, 167
  cul/ldpd-hyacinth (63 issues): 32, 89, 73, 88, 113, 117, 23, 59, 4, 14, 20, 50, 93, 26, 45, 120, 71, 15, 25, 46, 3, 19, 68, 74, 66, 80, 125, 10, 121, 11, 47, 78, 48, 70, 84, 110, 24, 62, 44, 60, 49, 52, 34, 76, 5, 81, 65, 56, 54, 41, 39, 21, 87, 79, 111, 99, 104, 38, 22, 9, 124, 90, 17
  DigitalWPI/digitalwpi (28 issues): 226, 179, 208, 181, 201, 218, 187, 178, 206, 222, 80, 184, 186, 96, 238, 152, 105, 60, 61, 234, 221, 62, 151, 132, 95, 225, 19, 216
  sul-dlss/hydrus (83 issues): 261, 165, 285, 363, 124, 359, 200, 121, 209, 178, 94, 70, 188, 134, 349, 45, 83, 277, 233, 174, 110, 195, 358, 119, 182, 175, 197, 246, 310, 266, 191, 278, 152, 217, 268, 253, 66, 123, 309, 320, 154, 295, 127, 136, 53, 249, 100, 157, 364, 166, 108, 321, 351, 235, 171, 167, 264, 232, 234, 281, 103, 208, 84, 350, 265, 193, 137, 98, 67, 176, 82, 286, 107, 173, 184, 122, 133, 354, 276, 323, 55, 325, 306
  curationexperts/tenejo (62 issues): 183, 132, 248, 125, 197, 253, 171, 2, 193, 235, 153, 159, 129, 194, 59, 226, 246, 218, 182, 150, 122, 105, 237, 240, 175, 203, 189, 162, 58, 145, 156, 36, 94, 238, 229, 12, 255, 228, 127, 18, 82, 195, 71, 260, 154, 196, 5, 173, 124, 169, 32, 192, 4, 102, 108, 198, 7, 56, 75, 27, 119, 34
  uclibs/ucrate (74 issues): 359, 633, 94, 735, 580, 565, 542, 538, 533, 456, 192, 79, 385, 516, 553, 143, 402, 252, 387, 455, 534, 266, 231, 328, 571, 109, 420, 271, 331, 198, 651, 329, 178, 712, 290, 613, 355, 258, 346, 568, 523, 808, 462, 479, 646, 444, 765, 442, 347, 378, 234, 508, 227, 428, 32, 726, 661, 645, 17, 530, 660, 540, 354, 696, 572, 411, 389, 756, 652, 422, 786, 300, 649, 466
  OregonDigital/OD2 (75 issues): 311, 519, 309, 294, 204, 450, 331, 433, 221, 59, 673, 18, 245, 742, 327, 235, 9, 170, 288, 140, 252, 249, 631, 396, 129, 448, 125, 354, 291, 139, 484, 485, 438, 176, 12, 434, 218, 205, 240, 466, 350, 496, 156, 479, 321, 512, 790, 498, 467, 773, 353, 151, 700, 295, 401, 243, 337, 714, 152, 14, 676, 4, 361, 670, 587, 339, 718, 192, 394, 395, 775, 158, 61, 630, 446
  ucsblibrary/alexandria (62 issues): 50, 36, 45, 27, 23, 110, 142, 155, 56, 89, 109, 33, 97, 95, 44, 9, 86, 165, 90, 17, 123, 125, 114, 26, 60, 83, 107, 174, 51, 34, 119, 39, 94, 131, 133, 57, 73, 59, 122, 54, 129, 2, 29, 111, 49, 168, 124, 88, 146, 68, 149, 65, 58, 74, 40, 154, 113, 16, 143, 41, 53, 69
  LafayetteCollegeLibraries/spot (45 issues): 235, 250, 252, 244, 22, 291, 219, 225, 256, 285, 238, 62, 271, 277, 149, 96, 255, 108, 248, 130, 191, 211, 205, 295, 276, 154, 181, 152, 272, 236, 186, 214, 233, 52, 128, 183, 185, 143, 53, 105, 232, 60, 171, 237, 93
  digital-york/oasis (55 issues): 147, 133, 70, 186, 162, 225, 90, 59, 251, 284, 232, 108, 61, 254, 208, 138, 250, 229, 134, 262, 88, 235, 18, 207, 105, 269, 92, 140, 171, 149, 21, 60, 141, 193, 11, 184, 230, 249, 93, 94, 80, 181, 293, 197, 200, 285, 211, 103, 264, 10, 104, 227, 190, 19, 185
  research-technologies_hyrax/leaf (7 issues): 8, 14, 9, 6, 4, 10, 5
  digital-york/ncelp (34 issues): 150, 195, 21, 25, 36, 24, 175, 204, 69, 13, 63, 208, 35, 185, 207, 64, 186, 34, 67, 188, 16, 12, 1, 196, 60, 15, 142, 44, 42, 28, 22, 178, 179, 17
  nycrecords/gpp-hyrax (11 issues): 5, 9, 24, 8, 4, 1, 22, 27, 10, 19, 2
  digital-york/arch1 (19 issues): 22, 15, 21, 11, 16, 1, 17, 8, 12, 23, 4, 20, 7, 24, 2, 18, 13, 14, 19
  galterlibrary/digital-repository (15 issues): 556, 683, 584, 619, 675, 615, 667, 676, 614, 579, 649, 673, 589, 609, 541
  UW-Libraries/druw (23 issues): 6, 22, 20, 24, 8, 9, 28, 48, 10, 29, 39, 34, 30, 32, 33, 37, 16, 36, 35, 7, 23, 19, 21
  uclibs/gdja (4 issues): 17, 54, 47, 25

Cluster 1: add fix field metadata work form page new type connected
  OregonDigital/oregondigital (41 issues): 643, 642, 726, 1168, 441, 325, 1103, 1102, 1096, 88, 916, 1028, 429, 1123, 1162, 1089, 1118, 158, 928, 741, 618, 245, 1124, 890, 635, 236, 925, 737, 1165, 989, 958, 1099, 550, 742, 825, 1085, 5, 859, 1160, 603, 1073
  pulibrary/figgy (127 issues): 3107, 382, 512, 416, 1296, 2179, 1792, 2621, 1396, 302, 647, 2782, 1326, 407, 3301, 2616, 2514, 1459, 909, 124, 1217, 917, 1292, 291, 2369, 314, 40, 1845, 2366, 1392, 2155, 3192, 1201, 472, 1838, 2107, 1068, 902, 755, 50, 2360, 869, 325, 315, 49, 1323, 2474, 3102, 1813, 1501, 46, 2525, 3157, 2365, 1780, 2238, 1301, 2304, 1439, 1, 1136, 1848, 1772, 2352, 2523, 2986, 1776, 2658, 39, 2, 362, 3239, 3109, 485, 600, 2093, 1009, 3027, 1793, 2712, 463, 506, 889, 1407, 971, 507, 1884, 916, 5, 1310, 963, 194, 2793, 940, 2777, 195, 2072, 228, 1216, 2698, 895, 2864, 953, 2892, 727, 937, 446, 2800, 1422, 1179, 76, 3407, 2791, 2259, 27, 3211, 2827, 1424, 2997, 2341, 2412, 3377, 2345, 1055, 1144, 923, 1104
  curationexperts/laevigata (54 issues): 315, 1216, 217, 1686, 1224, 1288, 1745, 1246, 342, 1142, 1941, 1466, 1737, 1225, 1180, 1137, 1887, 1700, 277, 1361, 873, 21, 1399, 1279, 1247, 1232, 1827, 1781, 936, 20, 1698, 945, 19, 1715, 364, 946, 613, 350, 956, 1699, 1086, 1457, 351, 1338, 356, 963, 114, 1449, 1434, 1383, 422, 1462, 1097, 1136
  osulp/Scholars-Archive (93 issues): 37, 1595, 1487, 749, 1306, 102, 1168, 802, 518, 1682, 443, 1318, 1350, 1599, 891, 1944, 846, 1183, 1419, 154, 74, 630, 1903, 624, 425, 176, 1002, 591, 1573, 737, 43, 898, 1375, 1420, 946, 593, 1181, 1058, 486, 1326, 578, 441, 582, 767, 510, 317, 1395, 1366, 1315, 1885, 1007, 1931, 1541, 738, 189, 428, 1070, 1186, 629, 471, 385, 723, 1613, 495, 54, 1753, 1932, 1498, 1657, 1184, 1140, 1130, 1142, 1310, 1934, 72, 575, 1614, 576, 691, 487, 145, 580, 1888, 590, 637, 1347, 1200, 1036, 896, 570, 1866, 15
  uclibs/gdja (8 issues): 18, 27, 23, 13, 8, 51, 62, 19
  sciencehistory/chf-sufia (28 issues): 1216, 449, 1026, 524, 603, 172, 656, 612, 823, 1221, 610, 1127, 390, 145, 106, 484, 432, 123, 775, 1006, 528, 507, 810, 725, 657, 754, 839, 1275
  UCLALibrary/californica (49 issues): 605, 601, 654, 37, 175, 79, 544, 170, 57, 310, 180, 249, 644, 294, 182, 704, 174, 242, 455, 85, 603, 593, 399, 34, 597, 228, 560, 163, 573, 177, 566, 173, 460, 176, 91, 165, 301, 141, 299, 162, 690, 187, 15, 307, 56, 58, 262, 60, 90
  mlibrary/heliotrope (69 issues): 538, 2336, 2434, 2079, 393, 2121, 1842, 2249, 1927, 2299, 2342, 1578, 108, 2014, 147, 1995, 927, 2161, 2269, 191, 2015, 2225, 217, 2469, 1566, 1102, 439, 574, 2387, 1876, 2057, 2410, 1216, 2300, 1899, 1403, 984, 1827, 963, 2253, 2354, 600, 672, 2092, 57, 669, 867, 2105, 2388, 2223, 2348, 2237, 1875, 543, 2491, 2359, 2372, 149, 2368, 1115, 1375, 1825, 2222, 2446, 2385, 61, 2338, 2478, 2255
  LafayetteCollegeLibraries/spot (25 issues): 274, 73, 68, 216, 47, 71, 30, 249, 46, 253, 63, 83, 90, 231, 155, 177, 245, 29, 55, 139, 110, 109, 61, 117, 220
  WGBH-MLA/ams (46 issues): 29, 195, 231, 79, 168, 349, 137, 125, 66, 280, 197, 68, 276, 313, 169, 92, 6, 213, 172, 91, 117, 243, 163, 82, 297, 173, 342, 34, 126, 51, 253, 110, 14, 40, 3, 102, 62, 362, 43, 46, 293, 255, 5, 285, 155, 20
  duke-libraries/ddr-public (30 issues): 530, 210, 375, 560, 499, 562, 574, 519, 324, 516, 288, 369, 523, 185, 322, 392, 424, 554, 321, 247, 308, 568, 522, 235, 533, 29, 524, 575, 528, 548
  psu-libraries/cho (12 issues): 1059, 265, 756, 670, 410, 755, 932, 742, 946, 993, 988, 619
  ndlib_curate/nd (26 issues): 333, 330, 679, 786, 646, 486, 780, 142, 94, 135, 559, 756, 572, 758, 573, 352, 174, 128, 351, 825, 149, 783, 777, 673, 787, 823
  OregonDigital/OD2 (48 issues): 417, 430, 651, 642, 65, 340, 102, 407, 618, 127, 468, 133, 635, 389, 424, 342, 305, 627, 422, 368, 428, 89, 748, 402, 155, 157, 5, 703, 355, 138, 431, 640, 657, 92, 285, 232, 776, 730, 420, 64, 179, 118, 698, 17, 766, 561, 787, 772
  ucsdlib/damspas (18 issues): 152, 571, 161, 156, 321, 225, 442, 443, 165, 440, 19, 457, 234, 579, 533, 459, 209, 159
  uclibs/ucrate (57 issues): 119, 360, 103, 52, 582, 361, 667, 631, 348, 51, 410, 733, 311, 268, 716, 89, 124, 146, 131, 296, 395, 541, 429, 517, 102, 743, 424, 163, 204, 772, 173, 223, 747, 99, 440, 49, 567, 133, 334, 263, 316, 697, 578, 357, 632, 158, 98, 561, 105, 793, 185, 518, 278, 446, 485, 430, 90
  curationexperts/tenejo (11 issues): 26, 109, 3, 6, 236, 96, 8, 176, 1, 9, 224
  nycrecords/gpp-hyrax (3 issues): 18, 28, 17
  emory-libraries/dlp-curate (38 issues): 307, 583, 539, 526, 341, 54, 495, 339, 493, 543, 155, 565, 595, 517, 340, 109, 366, 173, 557, 500, 50, 590, 102, 502, 327, 459, 334, 518, 601, 496, 597, 105, 420, 274, 528, 490, 153, 509
  digital-york/ncelp (5 issues): 33, 143, 49, 68, 70
  sul-dlss/hydrus (9 issues): 244, 168, 360, 52, 260, 90, 118, 116, 223
  digital-york/oasis (19 issues): 146, 119, 178, 233, 131, 83, 202, 240, 165, 226, 142, 192, 252, 157, 163, 130, 9, 213, 268
  nulib/donut (37 issues): 365, 170, 241, 10, 137, 298, 368, 183, 326, 361, 314, 179, 173, 6, 381, 168, 250, 200, 78, 9, 478, 328, 330, 107, 346, 212, 69, 413, 3, 64, 243, 336, 156, 104, 204, 274, 248
  psu-stewardship/scholarsphere (24 issues): 1603, 1194, 680, 1061, 1183, 1135, 668, 460, 773, 772, 618, 888, 1150, 1007, 432, 483, 465, 452, 1609, 712, 711, 1608, 559, 832
  MPLSFedResearch/cypripedium (13 issues): 187, 145, 218, 121, 341, 84, 220, 236, 16, 228, 46, 130, 88
  ucsblibrary/alexandria (9 issues): 77, 126, 139, 102, 1, 127, 108, 103, 21
  gwu-libraries/scholarspace-hyrax (9 issues): 4, 236, 26, 186, 182, 50, 82, 162, 45
  cul/ldpd-hyacinth (13 issues): 40, 118, 8, 35, 18, 12, 29, 36, 28, 31, 16, 13, 43
  DigitalWPI/digitalwpi (3 issues): 39, 159, 67
  galterlibrary/digital-repository (1 issues): 596
  research-technologies_hyrax/leaf (1 issues): 7
  UW-Libraries/druw (1 issues): 5

Cluster 2: file deploystaging master merge work set add csv fix connected
  curationexperts/laevigata (83 issues): 975, 1045, 1673, 194, 993, 1151, 620, 1509, 1476, 1671, 1780, 1013, 1493, 1628, 1456, 1632, 230, 1324, 641, 1012, 186, 1516, 1663, 1722, 1253, 219, 833, 1440, 412, 925, 791, 1507, 1773, 855, 1588, 859, 231, 413, 1473, 639, 656, 258, 1515, 1517, 1346, 1530, 799, 1559, 1414, 1508, 1719, 418, 792, 1174, 1160, 1633, 1450, 913, 1240, 1730, 1551, 977, 1464, 1711, 841, 1387, 633, 452, 1481, 1581, 1672, 1266, 745, 488, 1742, 484, 1669, 1759, 1747, 1590, 952, 942, 1326
  curationexperts/tenejo (14 issues): 131, 155, 187, 151, 133, 104, 161, 208, 15, 78, 138, 147, 61, 158
  pulibrary/figgy (56 issues): 1102, 1508, 3181, 1704, 2051, 37, 1760, 1370, 43, 2308, 1070, 2414, 2853, 144, 122, 1383, 2364, 615, 1304, 700, 2275, 1882, 1921, 2022, 9, 3207, 2734, 2992, 3146, 2363, 2035, 2406, 2303, 271, 1271, 1221, 1290, 847, 553, 165, 2122, 128, 3175, 1259, 393, 856, 2225, 931, 3275, 1047, 2359, 1913, 1172, 1920, 2517, 1267
  ndlib_curate/nd (52 issues): 522, 706, 101, 118, 542, 310, 709, 138, 258, 665, 708, 231, 735, 535, 477, 112, 17, 129, 9, 313, 134, 553, 284, 763, 745, 701, 393, 124, 761, 435, 555, 707, 70, 100, 567, 131, 594, 95, 737, 146, 544, 757, 666, 283, 250, 190, 291, 306, 518, 824, 323, 784
  nulib/donut (67 issues): 390, 417, 450, 242, 208, 285, 128, 103, 290, 316, 329, 113, 160, 86, 418, 235, 136, 223, 118, 109, 443, 282, 207, 309, 98, 15, 302, 463, 464, 237, 159, 266, 280, 17, 433, 453, 221, 231, 436, 167, 246, 80, 410, 141, 149, 152, 491, 144, 288, 272, 21, 126, 300, 275, 379, 202, 428, 120, 22, 210, 313, 205, 283, 265, 304, 395, 297
  UCLALibrary/californica (35 issues): 221, 398, 672, 198, 132, 685, 653, 84, 587, 253, 209, 558, 590, 248, 247, 516, 273, 701, 450, 675, 664, 579, 661, 569, 552, 559, 252, 226, 203, 271, 620, 204, 665, 225, 686
  MPLSFedResearch/cypripedium (18 issues): 247, 124, 144, 141, 123, 91, 213, 215, 116, 332, 230, 175, 142, 245, 111, 242, 147, 348
  OregonDigital/oregondigital (7 issues): 523, 723, 894, 309, 82, 920, 892
  psu-stewardship/scholarsphere (74 issues): 1597, 1336, 490, 522, 722, 821, 1209, 1197, 114, 1461, 1005, 931, 1260, 1190, 745, 1071, 1436, 23, 985, 1292, 567, 536, 1199, 253, 1271, 116, 682, 1388, 1452, 656, 688, 982, 402, 530, 361, 288, 550, 744, 1605, 1286, 523, 493, 575, 1557, 1516, 1432, 1402, 555, 1404, 965, 1296, 1013, 685, 971, 1384, 224, 56, 754, 1416, 1379, 1211, 1279, 679, 681, 456, 784, 160, 774, 1612, 1277, 894, 1290, 1618, 878
  uclibs/ucrate (17 issues): 230, 461, 576, 315, 766, 654, 491, 97, 584, 644, 498, 670, 269, 723, 557, 476, 225
  ucsdlib/damspas (14 issues): 85, 78, 198, 59, 91, 130, 207, 235, 139, 146, 238, 482, 447, 171
  psu-libraries/cho (50 issues): 744, 705, 704, 822, 679, 900, 698, 746, 608, 921, 621, 699, 639, 660, 609, 766, 577, 523, 667, 990, 884, 641, 871, 965, 748, 1033, 979, 779, 865, 664, 980, 668, 1041, 823, 996, 607, 903, 613, 962, 602, 401, 954, 611, 777, 646, 662, 859, 916, 915, 485
  mlibrary/heliotrope (31 issues): 2481, 2200, 1608, 1764, 2455, 2219, 1278, 189, 1944, 2345, 1607, 1026, 2315, 1242, 2257, 640, 1675, 1334, 173, 390, 192, 2281, 1259, 2173, 2027, 2258, 457, 211, 789, 882, 2238
  sciencehistory/chf-sufia (10 issues): 422, 627, 1262, 1270, 1137, 430, 488, 168, 922, 659
  galterlibrary/digital-repository (1 issues): 557
  osulp/Scholars-Archive (14 issues): 709, 1346, 163, 147, 1239, 1356, 1115, 557, 556, 1069, 1331, 484, 267, 864
  UW-Libraries/druw (2 issues): 14, 15
  gwu-libraries/scholarspace-hyrax (2 issues): 71, 1
  OregonDigital/OD2 (5 issues): 691, 199, 10, 439, 563
  digital-york/arch1 (1 issues): 9
  emory-libraries/dlp-curate (13 issues): 410, 571, 581, 564, 566, 335, 373, 256, 579, 101, 458, 567, 606
  duke-libraries/ddr-public (6 issues): 76, 331, 397, 292, 581, 489
  cul/ldpd-hyacinth (4 issues): 6, 72, 27, 75
  sul-dlss/hydrus (4 issues): 6, 147, 36, 135
  uclibs/gdja (2 issues): 7, 32
  WGBH-MLA/ams (3 issues): 38, 27, 45
  ucsblibrary/alexandria (2 issues): 92, 43
  DigitalWPI/digitalwpi (1 issues): 170
  digital-york/oasis (1 issues): 265
  LafayetteCollegeLibraries/spot (2 issues): 123, 230
  digital-york/ncelp (1 issues): 27

Cluster 3: collection fix add page work show display item metadata title
  duke-libraries/ddr-public (45 issues): 178, 349, 525, 104, 566, 550, 186, 362, 10, 243, 557, 95, 515, 183, 113, 222, 452, 374, 427, 494, 387, 272, 169, 132, 46, 129, 354, 347, 276, 443, 170, 395, 428, 286, 364, 355, 131, 340, 312, 304, 503, 565, 116, 320, 8
  pulibrary/figgy (44 issues): 1742, 630, 1313, 814, 1680, 2468, 3116, 1365, 1238, 1311, 2251, 1433, 1162, 608, 1440, 1892, 1205, 36, 2618, 2349, 643, 1220, 1841, 123, 1489, 2331, 2612, 3047, 3304, 692, 33, 1373, 1089, 1103, 3141, 433, 2368, 414, 370, 3137, 888, 744, 2627, 1415
  ucsblibrary/alexandria (6 issues): 161, 132, 98, 171, 62, 35
  uclibs/ucrate (18 issues): 445, 379, 439, 620, 144, 469, 532, 664, 583, 292, 627, 478, 586, 171, 543, 598, 340, 335
  psu-stewardship/scholarsphere (43 issues): 770, 1072, 1274, 538, 1273, 782, 297, 696, 746, 955, 1213, 1479, 1116, 1540, 1348, 973, 115, 55, 129, 1218, 701, 410, 732, 1170, 864, 761, 1482, 1363, 695, 691, 290, 766, 423, 152, 57, 861, 1153, 781, 1145, 1133, 586, 53, 1375
  emory-libraries/dlp-curate (19 issues): 425, 638, 594, 477, 476, 460, 472, 478, 280, 479, 438, 447, 456, 362, 277, 452, 326, 279, 473
  UCLALibrary/californica (20 issues): 240, 596, 589, 518, 494, 586, 711, 420, 496, 467, 372, 425, 612, 418, 470, 497, 212, 702, 448, 438
  OregonDigital/OD2 (11 issues): 566, 569, 549, 736, 575, 541, 784, 577, 336, 564, 558
  ucsdlib/damspas (20 issues): 189, 28, 186, 168, 497, 181, 167, 480, 129, 166, 11, 18, 242, 523, 503, 432, 27, 247, 2, 366
  OregonDigital/oregondigital (11 issues): 935, 157, 1179, 7, 52, 629, 177, 9, 500, 388, 11
  psu-libraries/cho (20 issues): 1050, 677, 994, 697, 761, 918, 342, 716, 487, 385, 986, 1048, 709, 914, 767, 944, 1044, 463, 1045, 920
  sul-dlss/hydrus (2 issues): 177, 300
  galterlibrary/digital-repository (12 issues): 562, 586, 646, 689, 108, 627, 632, 679, 465, 594, 631, 693
  sciencehistory/chf-sufia (15 issues): 553, 649, 501, 996, 1284, 1195, 983, 1283, 1196, 584, 869, 817, 992, 1082, 577
  nulib/donut (16 issues): 315, 486, 281, 487, 414, 331, 476, 479, 230, 174, 303, 474, 340, 387, 488, 475
  curationexperts/tenejo (7 issues): 88, 204, 164, 81, 146, 107, 114
  ndlib_curate/nd (22 issues): 531, 241, 657, 750, 461, 113, 658, 265, 246, 736, 752, 625, 751, 440, 494, 661, 739, 744, 575, 517, 317, 303
  osulp/Scholars-Archive (12 issues): 1160, 895, 1122, 1043, 1758, 1748, 1038, 1387, 1766, 1004, 883, 1875
  MPLSFedResearch/cypripedium (5 issues): 86, 119, 133, 267, 293
  nycrecords/gpp-hyrax (2 issues): 20, 14
  LafayetteCollegeLibraries/spot (8 issues): 273, 76, 278, 289, 165, 206, 196, 292
  digital-york/ncelp (5 issues): 161, 197, 201, 164, 199
  mlibrary/heliotrope (2 issues): 60, 2252
  DigitalWPI/digitalwpi (2 issues): 66, 146
  WGBH-MLA/ams (3 issues): 80, 357, 84
  curationexperts/laevigata (1 issues): 1214

Cluster 4: link page fix add close resolve footer download show view
  duke-libraries/ddr-public (30 issues): 279, 570, 65, 512, 43, 164, 585, 534, 19, 258, 269, 49, 481, 469, 335, 596, 589, 590, 284, 224, 465, 582, 486, 18, 411, 343, 180, 194, 366, 450
  digital-york/oasis (2 issues): 292, 198
  osulp/Scholars-Archive (15 issues): 1556, 20, 1312, 474, 1943, 947, 104, 1715, 183, 1561, 1830, 1179, 693, 825, 538
  ucsdlib/damspas (13 issues): 177, 119, 301, 611, 180, 20, 307, 305, 89, 25, 298, 34, 115
  nulib/donut (2 issues): 375, 224
  pulibrary/figgy (31 issues): 2915, 2944, 2226, 985, 2312, 3212, 1900, 876, 2346, 2850, 2901, 3050, 2890, 2213, 1479, 2857, 2232, 1423, 2380, 1059, 198, 2233, 2396, 424, 1127, 1239, 684, 2617, 3264, 458, 156
  mlibrary/heliotrope (58 issues): 563, 430, 2172, 1769, 1729, 1798, 2374, 1353, 1281, 1226, 226, 1930, 1686, 883, 1904, 1457, 805, 1724, 456, 544, 816, 362, 1642, 1295, 2063, 1351, 1916, 852, 2361, 665, 2365, 1937, 1877, 2089, 1845, 2108, 1643, 2302, 668, 1273, 2020, 1733, 2185, 328, 1869, 1956, 2181, 2159, 2263, 1658, 553, 2411, 2214, 2146, 2183, 1929, 2218, 2157
  ndlib_curate/nd (20 issues): 151, 842, 497, 815, 76, 136, 104, 837, 80, 150, 143, 139, 122, 286, 185, 668, 432, 727, 539, 768
  OregonDigital/OD2 (7 issues): 671, 626, 641, 734, 661, 279, 737
  curationexperts/laevigata (14 issues): 1786, 661, 1239, 372, 1826, 1463, 1388, 567, 568, 1458, 1501, 1830, 1738, 1384
  OregonDigital/oregondigital (17 issues): 637, 932, 600, 1005, 1079, 204, 1204, 399, 400, 512, 879, 1004, 303, 317, 386, 1256, 306
  MPLSFedResearch/cypripedium (1 issues): 234
  UCLALibrary/californica (2 issues): 443, 335
  psu-stewardship/scholarsphere (19 issues): 1272, 1253, 721, 757, 655, 539, 1381, 1263, 699, 736, 1373, 854, 694, 797, 1531, 765, 1606, 698, 273
  digital-york/ncelp (5 issues): 139, 107, 61, 129, 127
  sciencehistory/chf-sufia (10 issues): 455, 642, 967, 1205, 944, 1066, 1265, 752, 1182, 445
  uclibs/ucrate (13 issues): 284, 280, 170, 497, 757, 262, 401, 147, 216, 375, 312, 323, 459
  psu-libraries/cho (7 issues): 959, 941, 989, 281, 991, 987, 1036
  WGBH-MLA/ams (4 issues): 141, 242, 355, 10
  ucsblibrary/alexandria (2 issues): 96, 75
  sul-dlss/hydrus (1 issues): 87
  emory-libraries/dlp-curate (3 issues): 514, 183, 251
  curationexperts/tenejo (2 issues): 65, 244
  galterlibrary/digital-repository (3 issues): 475, 580, 583
  uclibs/gdja (1 issues): 15

Cluster 5: adding fix support field user ref work file name test
  ndlib_curate/nd (47 issues): 516, 160, 58, 13, 83, 152, 247, 85, 164, 504, 137, 293, 255, 169, 10, 552, 168, 15, 409, 452, 479, 835, 650, 622, 637, 189, 521, 514, 720, 474, 540, 312, 809, 105, 520, 62, 12, 612, 252, 115, 334, 628, 366, 121, 793, 233, 585
  cul/ldpd-hyacinth (9 issues): 98, 61, 116, 109, 91, 108, 67, 96, 69
  emory-libraries/dlp-curate (2 issues): 104, 497
  WGBH-MLA/ams (32 issues): 9, 162, 28, 42, 164, 25, 219, 37, 153, 39, 19, 104, 41, 118, 144, 143, 47, 187, 99, 121, 78, 193, 59, 138, 18, 98, 177, 48, 185, 178, 171, 122
  pulibrary/figgy (34 issues): 348, 342, 2498, 397, 816, 2752, 2606, 2061, 591, 3030, 1847, 1046, 337, 2509, 272, 2132, 2038, 913, 3258, 1045, 459, 2116, 2243, 2362, 420, 2176, 2231, 389, 1058, 2472, 2229, 1636, 2477, 829
  curationexperts/laevigata (18 issues): 649, 1099, 11, 1015, 1116, 416, 329, 1256, 852, 437, 130, 539, 1296, 801, 265, 338, 10, 423
  psu-stewardship/scholarsphere (37 issues): 865, 583, 1486, 70, 1219, 1158, 124, 113, 1457, 1449, 1188, 960, 1549, 222, 123, 59, 879, 1257, 357, 122, 1427, 1419, 836, 1173, 1431, 1548, 117, 1103, 1351, 1159, 1450, 1147, 1120, 1018, 1110, 715, 1087
  ucsdlib/damspas (28 issues): 202, 86, 127, 106, 151, 99, 182, 136, 125, 16, 77, 289, 90, 65, 172, 72, 9, 226, 122, 64, 24, 137, 108, 116, 148, 8, 55, 56
  LafayetteCollegeLibraries/spot (3 issues): 221, 41, 148
  MPLSFedResearch/cypripedium (6 issues): 295, 17, 138, 168, 176, 50
  psu-libraries/cho (20 issues): 335, 336, 911, 279, 922, 1004, 530, 881, 337, 272, 999, 812, 880, 747, 759, 271, 925, 883, 274, 263
  UCLALibrary/californica (1 issues): 122
  sciencehistory/chf-sufia (12 issues): 1201, 1085, 1173, 1267, 1160, 1225, 1280, 1096, 177, 1094, 1213, 1239
  osulp/Scholars-Archive (2 issues): 1216, 1855
  nulib/donut (4 issues): 114, 305, 130, 358
  OregonDigital/oregondigital (9 issues): 438, 437, 865, 1163, 506, 850, 425, 845, 349
  OregonDigital/OD2 (1 issues): 131
  mlibrary/heliotrope (5 issues): 2366, 2442, 1289, 2265, 1857
  duke-libraries/ddr-public (2 issues): 150, 176
  ucsblibrary/alexandria (1 issues): 130

Cluster 6: close add resource remove set update fix file thumbnail show
  galterlibrary/digital-repository (16 issues): 592, 692, 618, 581, 540, 591, 647, 637, 657, 661, 610, 674, 620, 642, 682, 687
  pulibrary/figgy (320 issues): 2708, 706, 988, 2491, 2725, 1023, 3198, 1952, 2957, 1203, 915, 2647, 714, 87, 2908, 126, 936, 1448, 3001, 125, 2704, 2252, 1019, 2820, 2973, 2530, 1211, 289, 2299, 3394, 113, 2088, 2056, 2135, 1774, 562, 1202, 2327, 1081, 3000, 3105, 2885, 924, 2681, 1275, 2519, 287, 2868, 767, 2333, 2076, 2938, 2214, 90, 1175, 1504, 661, 2557, 2668, 2751, 2790, 3322, 2191, 2379, 2736, 711, 82, 707, 1124, 3086, 882, 3007, 112, 2335, 267, 2728, 3011, 161, 877, 1948, 566, 3165, 1334, 1195, 101, 3392, 3231, 662, 2941, 1114, 2742, 34, 2952, 3355, 2131, 2696, 2931, 2686, 1832, 1262, 316, 2932, 2223, 3413, 3093, 1491, 269, 807, 2276, 2269, 2702, 2824, 1355, 73, 2732, 649, 1862, 427, 2410, 2902, 1490, 1138, 1914, 2111, 2950, 1942, 2876, 2580, 1871, 2858, 2821, 1166, 766, 1274, 2861, 827, 288, 863, 219, 303, 1972, 2194, 121, 1747, 620, 1015, 2071, 2143, 2241, 2846, 1929, 86, 2787, 3346, 3161, 3044, 2886, 3222, 3042, 3298, 1853, 2160, 2756, 2151, 3095, 3167, 2445, 821, 1788, 835, 2144, 2744, 1954, 3154, 2538, 1361, 322, 2753, 1818, 2209, 1246, 866, 2537, 3099, 2665, 3051, 993, 1329, 3286, 1244, 2763, 2382, 3138, 2972, 498, 2958, 2710, 2588, 708, 1962, 1751, 255, 1189, 317, 2605, 906, 1826, 2183, 2526, 333, 3114, 286, 2108, 1270, 792, 220, 3164, 2869, 1199, 2667, 1340, 3400, 914, 2879, 3215, 218, 1280, 3092, 1093, 2381, 2831, 980, 2695, 1965, 559, 2963, 3179, 1819, 391, 1154, 2589, 31, 1112, 2965, 3163, 1483, 2661, 1961, 190, 809, 2542, 2488, 642, 425, 2576, 3083, 1428, 2148, 253, 2609, 2475, 251, 3153, 3351, 2210, 3162, 3391, 660, 1303, 2063, 2697, 1804, 92, 3324, 903, 252, 450, 3022, 1399, 1257, 1272, 2301, 187, 1130, 704, 1163, 1527, 221, 2569, 3043, 3358, 2398, 2749, 321, 1778, 1495, 945, 2639, 1550, 2880, 256, 2436, 91, 1105, 2920, 2823, 1729, 1787, 573, 3159, 2682, 89, 2094, 74, 1306, 1309, 2700, 1158, 2480, 1728
  duke-libraries/ddr-public (57 issues): 451, 85, 58, 305, 59, 107, 22, 108, 2, 28, 332, 78, 457, 99, 558, 244, 266, 57, 81, 567, 32, 223, 6, 215, 552, 478, 21, 569, 453, 101, 571, 240, 54, 468, 36, 4, 61, 87, 45, 69, 372, 553, 34, 422, 42, 593, 556, 466, 63, 119, 71, 173, 23, 209, 345, 97, 377
  OregonDigital/oregondigital (79 issues): 455, 735, 257, 933, 65, 167, 439, 208, 266, 196, 185, 692, 72, 490, 754, 183, 350, 733, 143, 148, 144, 479, 782, 206, 823, 360, 291, 403, 764, 361, 789, 722, 42, 1231, 87, 501, 151, 466, 476, 154, 114, 673, 133, 443, 200, 499, 616, 464, 422, 488, 272, 199, 344, 195, 149, 513, 106, 617, 694, 471, 283, 316, 292, 294, 276, 752, 362, 544, 734, 383, 190, 671, 279, 547, 159, 181, 463, 381, 203
  LafayetteCollegeLibraries/spot (21 issues): 266, 234, 65, 97, 87, 98, 129, 179, 261, 267, 74, 204, 142, 99, 14, 59, 275, 119, 229, 113, 209
  mlibrary/heliotrope (21 issues): 339, 1377, 2293, 1881, 382, 407, 113, 349, 273, 411, 78, 412, 71, 417, 410, 355, 548, 186, 429, 925, 552
  sciencehistory/chf-sufia (53 issues): 927, 952, 388, 476, 901, 1076, 540, 472, 411, 928, 1007, 1001, 799, 498, 643, 413, 506, 409, 828, 930, 1027, 929, 758, 903, 483, 537, 874, 1037, 1130, 911, 1044, 468, 805, 1004, 872, 910, 489, 909, 1031, 902, 1113, 650, 398, 561, 504, 915, 536, 505, 979, 871, 919, 1048, 1034
  ndlib_curate/nd (10 issues): 199, 40, 630, 97, 669, 46, 63, 206, 53, 3
  osulp/Scholars-Archive (9 issues): 27, 28, 45, 188, 16, 198, 38, 32, 172
  curationexperts/laevigata (58 issues): 861, 679, 1053, 685, 723, 646, 220, 1474, 565, 670, 1815, 1565, 108, 129, 880, 357, 479, 712, 1820, 1202, 882, 477, 276, 305, 597, 314, 667, 511, 352, 757, 722, 415, 532, 794, 600, 70, 229, 721, 459, 1560, 719, 692, 686, 1546, 388, 795, 804, 710, 622, 607, 304, 577, 796, 619, 707, 566, 595, 475
  emory-libraries/dlp-curate (33 issues): 97, 445, 599, 300, 299, 170, 116, 168, 278, 123, 446, 106, 303, 171, 226, 591, 157, 201, 169, 107, 530, 126, 60, 290, 115, 596, 108, 448, 180, 174, 184, 129, 175
  OregonDigital/OD2 (2 issues): 534, 375
  ucsblibrary/alexandria (7 issues): 151, 164, 78, 72, 76, 163, 128
  DigitalWPI/digitalwpi (1 issues): 173
  WGBH-MLA/ams (14 issues): 189, 275, 13, 291, 314, 136, 74, 23, 224, 140, 57, 358, 61, 107
  sul-dlss/hydrus (5 issues): 202, 319, 313, 331, 328
  MPLSFedResearch/cypripedium (6 issues): 45, 22, 6, 44, 20, 25
  uclibs/ucrate (4 issues): 21, 24, 20, 27
  UCLALibrary/californica (3 issues): 18, 114, 43
  ucsdlib/damspas (1 issues): 708
  psu-stewardship/scholarsphere (1 issues): 20
  psu-libraries/cho (2 issues): 600, 329

Cluster 7: dependency update updating readme rail gemnasium railshtmlsanitizer 687 document locabulary
  sul-dlss/hydrus (60 issues): 318, 213, 297, 237, 305, 334, 271, 156, 211, 304, 160, 362, 339, 365, 355, 159, 345, 203, 224, 158, 126, 196, 357, 273, 206, 270, 216, 292, 272, 236, 212, 230, 263, 343, 347, 227, 274, 275, 259, 340, 80, 336, 219, 252, 215, 352, 220, 210, 356, 282, 238, 353, 301, 267, 332, 296, 346, 344, 162, 218
  pulibrary/figgy (3 issues): 2302, 309, 951
  MPLSFedResearch/cypripedium (5 issues): 186, 56, 150, 159, 153
  curationexperts/laevigata (4 issues): 694, 170, 429, 509
  psu-stewardship/scholarsphere (1 issues): 72
  LafayetteCollegeLibraries/spot (1 issues): 259
  osulp/Scholars-Archive (1 issues): 1220
  ndlib_curate/nd (1 issues): 391
  UCLALibrary/californica (1 issues): 81
  sciencehistory/chf-sufia (2 issues): 1051, 1232
  ucsdlib/damspas (1 issues): 228

Cluster 8: update gem fix hyrax version security latest bundle vulnerability ruby
  pulibrary/figgy (52 issues): 550, 2759, 2212, 2060, 409, 2699, 1498, 2152, 2921, 896, 878, 3259, 1381, 2167, 3134, 1652, 2951, 2256, 3248, 1173, 1186, 1966, 1324, 956, 2454, 3055, 380, 3015, 2721, 2923, 2361, 3274, 1036, 3014, 1975, 403, 2693, 1450, 1347, 3254, 589, 3112, 246, 1894, 1148, 1943, 2936, 1663, 1764, 2181, 514, 1754
  psu-stewardship/scholarsphere (29 issues): 1056, 142, 1534, 687, 1435, 120, 710, 1620, 1532, 1592, 75, 1480, 329, 1204, 346, 1465, 1265, 1467, 724, 1335, 1382, 689, 1206, 1200, 977, 1595, 1494, 723, 1349
  OregonDigital/OD2 (51 issues): 516, 461, 216, 15, 483, 507, 786, 738, 725, 711, 704, 634, 123, 289, 62, 292, 777, 198, 715, 767, 747, 13, 555, 585, 779, 765, 720, 692, 586, 460, 255, 565, 706, 153, 3, 19, 649, 474, 63, 390, 7, 449, 796, 6, 419, 656, 505, 580, 582, 16, 149
  galterlibrary/digital-repository (7 issues): 566, 621, 364, 664, 576, 659, 473
  ucsblibrary/alexandria (15 issues): 25, 48, 144, 145, 70, 84, 152, 157, 31, 166, 169, 153, 150, 137, 18
  emory-libraries/dlp-curate (13 issues): 236, 368, 147, 374, 399, 415, 216, 424, 211, 195, 412, 611, 481
  osulp/Scholars-Archive (83 issues): 1217, 954, 477, 501, 579, 224, 1775, 327, 65, 1940, 537, 1429, 608, 496, 1279, 951, 568, 659, 598, 1963, 1844, 1817, 1660, 983, 1871, 1161, 1354, 1755, 1829, 1652, 242, 497, 1899, 1259, 1816, 1929, 1695, 569, 971, 1792, 491, 1590, 534, 746, 1307, 906, 1526, 410, 619, 1336, 494, 1587, 527, 842, 1953, 628, 692, 1896, 618, 1942, 392, 1724, 625, 1290, 796, 78, 1924, 999, 1303, 924, 1936, 1600, 1907, 1704, 792, 1876, 961, 1499, 320, 1939, 222, 1711, 1195
  curationexperts/laevigata (41 issues): 287, 785, 273, 1044, 127, 1133, 708, 1924, 1585, 1126, 1861, 951, 1825, 1802, 615, 1510, 889, 1054, 1932, 1951, 704, 849, 1854, 1896, 1853, 1814, 798, 1828, 1544, 866, 1342, 1704, 1868, 1344, 931, 851, 1879, 1900, 876, 143, 1849
  sul-dlss/hydrus (25 issues): 317, 86, 153, 226, 130, 5, 18, 24, 3, 194, 179, 91, 222, 51, 56, 247, 106, 143, 231, 229, 221, 96, 54, 49, 78
  WGBH-MLA/ams (17 issues): 190, 208, 192, 77, 347, 75, 191, 216, 250, 331, 130, 188, 73, 251, 95, 321, 237
  uclibs/ucrate (47 issues): 495, 715, 237, 71, 678, 66, 749, 744, 255, 719, 663, 552, 184, 111, 101, 610, 566, 206, 48, 149, 499, 791, 136, 384, 217, 382, 332, 191, 769, 421, 281, 687, 762, 643, 196, 558, 447, 157, 236, 112, 694, 509, 512, 480, 224, 787, 47
  ndlib_curate/nd (22 issues): 515, 741, 713, 831, 319, 801, 816, 615, 44, 748, 803, 457, 722, 111, 692, 25, 55, 187, 590, 179, 690, 689
  UCLALibrary/californica (27 issues): 662, 735, 363, 419, 397, 742, 306, 733, 445, 389, 595, 134, 237, 584, 422, 346, 515, 4, 185, 741, 311, 8, 688, 541, 706, 391, 328
  digital-york/oasis (10 issues): 161, 191, 136, 196, 267, 180, 244, 259, 231, 8
  LafayetteCollegeLibraries/spot (9 issues): 50, 56, 84, 37, 42, 81, 163, 243, 195
  ucsdlib/damspas (20 issues): 233, 155, 273, 143, 337, 153, 133, 197, 358, 208, 311, 351, 7, 220, 222, 201, 250, 213, 285, 205
  psu-libraries/cho (19 issues): 1061, 873, 971, 1053, 841, 743, 636, 460, 657, 852, 708, 764, 769, 614, 1064, 851, 904, 972, 787
  nycrecords/gpp-hyrax (4 issues): 29, 12, 34, 25
  sciencehistory/chf-sufia (26 issues): 1209, 1181, 371, 797, 984, 1055, 606, 1015, 613, 1174, 355, 664, 475, 1157, 912, 487, 1011, 955, 1028, 1203, 1131, 1016, 630, 578, 1091, 1111
  DigitalWPI/digitalwpi (6 issues): 223, 157, 45, 224, 231, 189
  nulib/donut (18 issues): 337, 61, 2, 406, 442, 165, 45, 322, 271, 125, 310, 81, 13, 294, 33, 440, 26, 425
  MPLSFedResearch/cypripedium (13 issues): 149, 305, 300, 163, 182, 184, 345, 312, 346, 319, 339, 139, 143
  mlibrary/heliotrope (43 issues): 1612, 1502, 2489, 87, 1296, 2179, 1359, 2268, 2103, 2016, 63, 577, 2174, 2210, 2256, 1974, 2085, 1063, 2461, 2029, 474, 101, 1647, 1448, 964, 2229, 85, 59, 239, 2405, 1852, 751, 2083, 2203, 2428, 2389, 240, 2137, 1279, 1644, 1569, 2112, 2039
  duke-libraries/ddr-public (13 issues): 559, 448, 480, 586, 595, 438, 578, 591, 293, 330, 579, 483, 260
  OregonDigital/oregondigital (14 issues): 981, 1107, 549, 877, 871, 713, 1015, 351, 1207, 634, 505, 874, 1248, 1213
  gwu-libraries/scholarspace-hyrax (4 issues): 24, 56, 171, 10
  curationexperts/tenejo (9 issues): 250, 256, 213, 35, 249, 258, 225, 128, 30
  digital-york/ncelp (5 issues): 75, 100, 30, 37, 32
  cul/ldpd-hyacinth (10 issues): 112, 37, 122, 123, 85, 94, 86, 58, 106, 77
  research-technologies_hyrax/leaf (1 issues): 13
  UW-Libraries/druw (8 issues): 43, 4, 44, 47, 46, 41, 13, 2
  digital-york/arch1 (1 issues): 25
  uclibs/gdja (1 issues): 64

Cluster 9: resolve monograph add ensures page resource epub fulcrum asset handle
  mlibrary/heliotrope (440 issues): 2082, 709, 2043, 800, 1048, 1671, 433, 857, 2187, 242, 304, 1466, 1631, 282, 1964, 381, 1947, 1942, 1703, 1454, 313, 2002, 1903, 1169, 1860, 2021, 832, 1290, 860, 1352, 335, 1315, 1323, 576, 1898, 1621, 983, 817, 2332, 2266, 501, 582, 666, 990, 960, 1716, 2205, 1314, 1095, 1332, 1455, 1862, 1883, 1180, 1098, 935, 1736, 1027, 1965, 2433, 998, 711, 1348, 605, 2435, 2048, 374, 1061, 1723, 764, 529, 1951, 534, 535, 1125, 1745, 704, 1740, 1975, 2267, 2067, 2004, 2010, 1010, 680, 1294, 992, 1908, 1436, 2467, 1034, 1949, 2032, 1705, 2149, 1430, 1626, 2436, 1060, 1186, 1962, 956, 2061, 903, 2287, 1073, 1923, 1999, 1969, 580, 1971, 1360, 447, 2034, 1787, 1081, 2479, 2064, 1726, 1918, 1616, 1507, 1062, 1237, 1141, 378, 2087, 1926, 1204, 1183, 2503, 578, 1992, 1247, 1124, 1257, 306, 1768, 888, 2466, 1848, 1785, 1989, 2054, 1399, 1721, 1380, 939, 1797, 2062, 2090, 1659, 961, 2186, 1656, 1059, 1870, 686, 1456, 1474, 923, 790, 2119, 1501, 797, 209, 1938, 1340, 1066, 2053, 1575, 624, 2502, 1022, 1218, 1440, 2358, 2303, 1719, 2460, 1968, 2473, 2154, 2419, 766, 1184, 1919, 2306, 1468, 1988, 862, 887, 781, 635, 1297, 1412, 2156, 602, 1023, 2056, 1731, 1520, 1260, 467, 1529, 667, 2052, 2022, 1256, 1370, 2311, 2036, 2216, 1230, 2295, 854, 2189, 2465, 1100, 734, 317, 1451, 438, 936, 496, 1419, 2164, 2012, 2003, 1071, 2367, 329, 294, 1433, 1835, 177, 637, 1844, 1015, 2131, 1636, 1051, 2076, 2072, 281, 2282, 531, 2045, 934, 1006, 662, 947, 1496, 2360, 2198, 712, 1945, 1512, 865, 1780, 1603, 244, 1943, 1285, 1628, 1983, 293, 2050, 588, 2113, 2378, 1826, 749, 369, 1802, 2468, 705, 768, 318, 1293, 1722, 1207, 1505, 1469, 1240, 2136, 767, 440, 461, 1343, 2277, 1531, 950, 1996, 1166, 1762, 1928, 1435, 753, 752, 564, 1085, 835, 365, 2051, 585, 2006, 568, 2070, 1854, 885, 603, 2180, 1711, 1443, 1567, 2065, 1549, 1037, 190, 902, 921, 1128, 891, 2492, 2033, 1955, 2049, 1976, 2037, 1896, 227, 758, 2207, 1168, 2320, 1307, 1595, 2202, 1462, 815, 569, 804, 1581, 1986, 449, 2123, 214, 2271, 2273, 1917, 977, 228, 216, 698, 1201, 2211, 307, 593, 2331, 2307, 1339, 291, 1796, 1209, 2008, 2075, 1950, 2088, 1356, 1057, 550, 791, 2283, 1650, 1577, 1707, 444, 1422, 2007, 1116, 948, 431, 1331, 1981, 589, 864, 1858, 572, 1143, 1803, 1227, 1452, 1036, 1283, 2035, 1837, 1249, 2236, 316, 320, 327, 1977, 597, 1438, 1374, 1030, 388, 1998, 957, 630, 567, 647, 2080, 1909, 1050, 2168, 793, 1018, 931, 1583, 1369, 2276, 583, 794, 2430, 2071, 1521, 930, 364, 428, 295, 861, 664, 681, 1213, 1471, 1220, 2384, 1668
  digital-york/oasis (12 issues): 65, 91, 99, 280, 168, 166, 170, 56, 238, 95, 167, 289
  pulibrary/figgy (149 issues): 1682, 2283, 837, 477, 2762, 1437, 1266, 1231, 1057, 2206, 819, 2739, 1404, 1558, 817, 1998, 3257, 94, 1276, 2592, 451, 3272, 1212, 1472, 2039, 1503, 528, 2211, 79, 1359, 3024, 1808, 2325, 788, 1398, 3180, 2086, 1072, 1119, 2771, 2956, 334, 939, 1356, 2032, 1908, 805, 1354, 2350, 513, 2871, 1867, 2373, 2914, 189, 1835, 1209, 1775, 1269, 967, 1469, 1099, 1425, 3133, 367, 2163, 2310, 826, 310, 2594, 323, 1468, 3184, 793, 483, 2336, 1494, 1665, 1394, 1350, 799, 1395, 2075, 2124, 461, 349, 434, 2969, 1654, 412, 436, 2006, 1067, 1014, 3029, 486, 141, 1017, 575, 406, 1368, 3177, 1338, 3145, 2337, 1066, 2113, 3196, 1341, 2323, 1666, 1228, 1382, 2293, 2371, 2287, 452, 385, 399, 1464, 1430, 1934, 997, 2839, 1730, 1889, 340, 3261, 2960, 1532, 1278, 2272, 1363, 501, 137, 1502, 2593, 977, 1890, 1922, 2585, 3131, 1225, 1086, 1435, 2136, 2024, 1069, 2599
  ndlib_curate/nd (3 issues): 770, 22, 123
  digital-york/ncelp (37 issues): 137, 125, 76, 103, 187, 115, 101, 95, 102, 80, 181, 148, 121, 106, 99, 105, 152, 136, 128, 138, 177, 126, 77, 147, 130, 78, 98, 116, 120, 109, 198, 104, 108, 174, 81, 149, 133
  uclibs/ucrate (2 issues): 792, 640
  nulib/donut (1 issues): 153
  sciencehistory/chf-sufia (2 issues): 516, 403
  OregonDigital/oregondigital (2 issues): 1239, 953
  duke-libraries/ddr-public (1 issues): 299
  DigitalWPI/digitalwpi (8 issues): 81, 79, 73, 108, 88, 51, 74, 185
  curationexperts/tenejo (1 issues): 200
  cul/ldpd-hyacinth (1 issues): 53
  curationexperts/laevigata (1 issues): 1821

Cluster 10: fix bug issue remove work updated form added page field
  osulp/Scholars-Archive (294 issues): 745, 1339, 735, 991, 146, 740, 1150, 811, 1089, 829, 395, 1404, 259, 264, 1197, 1622, 289, 1367, 1224, 1833, 1196, 1214, 1084, 1761, 1678, 926, 1324, 1373, 807, 1804, 513, 424, 446, 1017, 1231, 1344, 297, 889, 1466, 1066, 987, 665, 1289, 287, 1342, 988, 990, 1388, 1358, 1206, 981, 383, 1836, 824, 1762, 415, 631, 1398, 1893, 995, 173, 687, 1188, 1620, 1039, 750, 1598, 1218, 1849, 421, 828, 1107, 313, 1841, 840, 819, 821, 413, 673, 322, 1535, 1202, 408, 1341, 171, 1853, 1719, 1352, 913, 1442, 770, 1348, 18, 75, 1787, 1819, 1448, 85, 310, 1686, 245, 170, 805, 892, 820, 465, 854, 1041, 1460, 1788, 729, 684, 1482, 874, 1418, 1149, 901, 919, 1261, 743, 53, 1309, 393, 933, 722, 626, 283, 833, 1737, 269, 678, 1528, 1205, 652, 880, 1187, 1765, 1947, 380, 832, 1756, 235, 1643, 870, 1230, 1035, 834, 476, 1106, 1858, 1080, 1922, 1198, 920, 76, 1806, 636, 332, 409, 1363, 1553, 921, 1602, 1078, 918, 1268, 763, 112, 1656, 1113, 1964, 654, 394, 1119, 1397, 1623, 1256, 945, 1074, 268, 1390, 1640, 1435, 186, 803, 1734, 801, 1340, 248, 86, 816, 922, 1061, 869, 1128, 1204, 1913, 1671, 567, 702, 1646, 721, 614, 917, 769, 1215, 157, 1298, 1432, 1690, 1045, 1433, 1665, 419, 697, 804, 1330, 1422, 1675, 831, 1353, 651, 1424, 1147, 1025, 1669, 17, 308, 149, 1317, 998, 1176, 1114, 294, 1323, 1001, 1335, 1576, 103, 1322, 1457, 1740, 1087, 766, 1582, 791, 1635, 1772, 679, 68, 1185, 748, 162, 875, 1123, 800, 762, 1044, 622, 1413, 1191, 992, 83, 251, 1219, 1027, 304, 296, 324, 839, 1316, 1469, 1692, 1260, 969, 741, 1148, 943, 1783, 931, 1463, 266, 386, 333, 1881, 389, 1201, 731, 658, 1869, 771, 548, 813, 1370
  pulibrary/figgy (169 issues): 537, 103, 2357, 155, 1790, 2471, 1514, 3126, 813, 1255, 196, 2500, 699, 1477, 276, 3279, 879, 1640, 2524, 2358, 3209, 3182, 203, 3369, 1227, 539, 2314, 396, 543, 2279, 444, 432, 1824, 1409, 3084, 2196, 2133, 1530, 2893, 114, 972, 689, 2607, 3178, 1970, 887, 2887, 966, 522, 3353, 3067, 3305, 886, 3065, 1923, 2953, 3328, 1455, 3066, 606, 2182, 1153, 1388, 2392, 437, 2146, 2980, 947, 326, 2723, 2840, 852, 2450, 1879, 2415, 768, 1865, 2224, 1944, 3338, 983, 2917, 480, 834, 646, 2059, 2184, 1426, 504, 154, 2403, 719, 2888, 3253, 2625, 192, 1436, 2481, 3337, 531, 958, 140, 749, 1111, 3306, 3376, 1471, 3136, 3366, 1486, 3039, 457, 1562, 3271, 2478, 1353, 1389, 2485, 907, 497, 368, 2385, 1531, 1644, 3113, 479, 2254, 1245, 2633, 2058, 1513, 884, 442, 1265, 900, 369, 2166, 2535, 1224, 343, 567, 502, 438, 742, 529, 2559, 2541, 167, 525, 2110, 3242, 1117, 845, 815, 950, 359, 1207, 3335, 975, 47, 2281, 2417, 1815, 476, 2159, 1037, 3303, 1052, 3054
  nulib/donut (60 issues): 431, 234, 162, 32, 67, 439, 117, 392, 415, 287, 333, 455, 350, 376, 182, 438, 447, 115, 459, 394, 116, 416, 348, 421, 72, 335, 196, 121, 199, 444, 434, 405, 424, 249, 427, 409, 364, 388, 423, 393, 112, 239, 404, 131, 345, 389, 296, 435, 122, 49, 12, 261, 383, 79, 111, 317, 402, 448, 279, 198
  UCLALibrary/californica (22 issues): 369, 52, 640, 676, 289, 183, 117, 495, 727, 7, 469, 578, 256, 92, 734, 33, 479, 44, 390, 376, 118, 468
  duke-libraries/ddr-public (27 issues): 458, 277, 455, 474, 270, 361, 542, 532, 393, 476, 504, 339, 217, 431, 55, 396, 316, 381, 367, 564, 505, 444, 156, 259, 145, 473, 262
  uclibs/gdja (10 issues): 37, 46, 52, 1, 20, 28, 33, 21, 34, 63
  OregonDigital/OD2 (81 issues): 664, 257, 405, 351, 477, 476, 435, 444, 581, 100, 246, 702, 492, 251, 486, 497, 771, 293, 623, 388, 148, 574, 624, 636, 457, 654, 189, 456, 254, 653, 652, 648, 465, 762, 296, 436, 732, 481, 352, 128, 196, 135, 114, 791, 458, 625, 301, 539, 511, 299, 219, 660, 677, 647, 573, 447, 655, 495, 622, 124, 721, 112, 256, 557, 768, 769, 782, 553, 488, 404, 329, 203, 632, 633, 349, 119, 663, 178, 548, 658, 280
  galterlibrary/digital-repository (8 issues): 471, 467, 602, 554, 598, 605, 472, 474
  OregonDigital/oregondigital (105 issues): 582, 670, 988, 975, 503, 397, 982, 817, 985, 1149, 1222, 498, 1236, 664, 285, 46, 1021, 846, 110, 728, 820, 1194, 1185, 104, 525, 402, 1238, 77, 250, 1001, 1121, 1216, 1140, 1166, 1200, 948, 1006, 863, 1153, 811, 211, 996, 1196, 959, 209, 1011, 1181, 1105, 809, 964, 1035, 280, 848, 995, 521, 1126, 1251, 998, 922, 993, 978, 1178, 1003, 1127, 1016, 1158, 71, 532, 1254, 679, 442, 983, 675, 967, 1000, 1092, 1148, 94, 864, 1083, 1072, 1055, 444, 883, 1064, 1141, 1187, 1173, 1202, 950, 1210, 952, 1033, 869, 1191, 939, 1197, 1024, 1157, 232, 493, 1012, 514, 986, 75
  curationexperts/laevigata (93 issues): 498, 623, 524, 816, 1241, 811, 478, 353, 571, 906, 1662, 1798, 896, 910, 125, 1520, 665, 579, 1482, 827, 867, 1412, 1790, 297, 487, 1305, 808, 1573, 1022, 336, 1526, 1894, 1635, 1862, 1824, 580, 1313, 1541, 774, 1328, 514, 485, 530, 1952, 438, 663, 293, 691, 1503, 1582, 443, 1284, 657, 564, 709, 1570, 1610, 1591, 701, 1319, 818, 909, 441, 684, 492, 1689, 1532, 1257, 296, 839, 797, 480, 461, 1521, 642, 658, 1250, 409, 671, 1542, 1391, 1702, 979, 582, 782, 660, 490, 253, 1818, 1312, 449, 497, 1923
  WGBH-MLA/ams (27 issues): 67, 196, 97, 112, 96, 145, 221, 170, 115, 150, 81, 119, 256, 283, 204, 114, 36, 367, 225, 71, 4, 332, 174, 274, 301, 249, 129
  sciencehistory/chf-sufia (47 issues): 375, 391, 1248, 693, 1162, 1243, 837, 740, 481, 1046, 631, 1279, 923, 802, 756, 564, 849, 735, 539, 555, 399, 405, 757, 1088, 699, 1152, 525, 772, 1150, 593, 369, 1146, 510, 611, 452, 450, 908, 671, 836, 1029, 813, 974, 1200, 674, 581, 1214, 787
  ndlib_curate/nd (17 issues): 380, 832, 785, 760, 721, 749, 506, 811, 662, 810, 676, 209, 795, 75, 332, 166, 703
  uclibs/ucrate (49 issues): 398, 676, 127, 285, 513, 625, 717, 313, 650, 463, 594, 386, 403, 539, 297, 87, 745, 388, 669, 50, 677, 254, 134, 475, 138, 665, 618, 486, 595, 776, 159, 244, 718, 88, 545, 481, 467, 642, 291, 126, 81, 784, 573, 364, 531, 123, 546, 324, 137
  psu-stewardship/scholarsphere (25 issues): 573, 62, 921, 128, 429, 151, 5, 305, 1411, 882, 370, 28, 426, 976, 1510, 393, 79, 65, 1567, 42, 126, 401, 356, 30, 256
  digital-york/oasis (12 issues): 296, 276, 203, 228, 266, 201, 110, 175, 278, 199, 129, 137
  mlibrary/heliotrope (62 issues): 102, 1028, 633, 1863, 1032, 1277, 920, 1599, 1765, 2373, 655, 2392, 2244, 2341, 2380, 109, 2371, 1288, 418, 1865, 1033, 893, 1761, 1321, 1522, 2484, 1322, 2475, 2356, 2106, 1400, 1362, 2319, 1894, 1342, 2506, 2134, 1892, 2483, 1179, 1655, 1046, 2297, 1914, 2194, 2464, 2326, 2077, 2130, 2417, 798, 2350, 2496, 338, 1043, 1637, 1635, 2415, 2093, 1931, 2091, 466
  sul-dlss/hydrus (28 issues): 138, 125, 294, 32, 129, 95, 361, 17, 326, 132, 290, 190, 112, 69, 241, 93, 240, 258, 245, 146, 293, 256, 88, 73, 151, 145, 74, 254
  DigitalWPI/digitalwpi (12 issues): 236, 233, 196, 83, 212, 90, 188, 198, 191, 1, 194, 75
  MPLSFedResearch/cypripedium (13 issues): 231, 166, 148, 250, 275, 151, 167, 337, 277, 233, 93, 19, 32
  ucsdlib/damspas (32 issues): 329, 236, 240, 453, 290, 425, 111, 121, 426, 102, 101, 232, 277, 294, 103, 573, 109, 600, 58, 590, 396, 253, 255, 312, 71, 350, 267, 3, 145, 219, 338, 317
  curationexperts/tenejo (5 issues): 33, 60, 221, 25, 205
  ucsblibrary/alexandria (22 issues): 116, 11, 158, 71, 22, 120, 99, 4, 15, 117, 52, 10, 8, 159, 5, 19, 47, 148, 147, 80, 156, 140
  digital-york/ncelp (6 issues): 182, 26, 183, 159, 38, 189
  gwu-libraries/scholarspace-hyrax (19 issues): 230, 75, 227, 209, 235, 164, 225, 55, 121, 47, 28, 43, 18, 53, 174, 29, 88, 49, 180
  cul/ldpd-hyacinth (2 issues): 83, 95
  LafayetteCollegeLibraries/spot (4 issues): 135, 54, 111, 218
  UW-Libraries/druw (3 issues): 42, 38, 45
  psu-libraries/cho (4 issues): 956, 264, 940, 785
  emory-libraries/dlp-curate (5 issues): 214, 293, 480, 598, 377
  digital-york/arch1 (2 issues): 40, 39

Cluster 11: test feature locally suite updated spec fix work needed add
  ucsdlib/damspas (63 issues): 532, 185, 61, 666, 698, 399, 520, 460, 697, 682, 670, 496, 669, 681, 500, 199, 662, 10, 479, 676, 126, 494, 462, 512, 514, 81, 657, 668, 683, 87, 715, 658, 659, 687, 502, 535, 471, 203, 692, 665, 104, 57, 663, 79, 477, 647, 170, 674, 664, 511, 689, 686, 474, 565, 522, 546, 671, 473, 711, 517, 576, 577, 672
  ndlib_curate/nd (8 issues): 54, 611, 361, 28, 655, 172, 79, 424
  uclibs/ucrate (37 issues): 482, 83, 392, 737, 777, 186, 132, 68, 202, 221, 689, 783, 118, 577, 489, 72, 596, 73, 563, 327, 22, 156, 666, 241, 74, 325, 65, 82, 674, 272, 187, 522, 326, 256, 342, 37, 789
  sul-dlss/hydrus (15 issues): 214, 288, 155, 180, 15, 111, 189, 140, 44, 199, 172, 187, 181, 115, 117
  UCLALibrary/californica (14 issues): 680, 517, 330, 621, 498, 278, 38, 189, 374, 354, 194, 222, 577, 190
  mlibrary/heliotrope (22 issues): 2169, 1953, 245, 171, 541, 833, 2335, 169, 1044, 2407, 2278, 254, 500, 976, 432, 1005, 464, 777, 2206, 701, 503, 175
  psu-stewardship/scholarsphere (65 issues): 1512, 1484, 395, 185, 1378, 1601, 271, 296, 822, 498, 1320, 658, 1372, 291, 1294, 1364, 771, 1594, 1208, 751, 1022, 25, 1507, 1376, 287, 1165, 304, 884, 690, 1501, 1300, 1293, 367, 1385, 1002, 1498, 1599, 1508, 302, 1576, 1321, 29, 1353, 1471, 292, 412, 1033, 760, 150, 80, 1377, 254, 799, 227, 301, 310, 1473, 267, 1371, 1496, 307, 1474, 289, 570, 16
  nulib/donut (10 issues): 92, 73, 172, 228, 457, 483, 71, 481, 178, 451
  pulibrary/figgy (41 issues): 77, 2286, 1761, 994, 1846, 273, 2228, 3327, 2572, 2942, 597, 1963, 2966, 713, 1123, 1054, 3143, 778, 2311, 1893, 371, 127, 511, 2040, 3348, 107, 1752, 2277, 955, 1013, 258, 3308, 849, 557, 10, 1078, 2613, 3082, 1677, 2178, 2157
  curationexperts/laevigata (40 issues): 278, 1211, 1062, 1307, 326, 1273, 678, 472, 1863, 1222, 1448, 1098, 505, 991, 1275, 1059, 1325, 1271, 1096, 1135, 1269, 903, 1486, 664, 385, 448, 391, 1270, 1144, 1793, 1145, 124, 1778, 1227, 1139, 1143, 1294, 1009, 650, 978
  psu-libraries/cho (23 issues): 226, 644, 616, 366, 981, 520, 640, 371, 1023, 983, 935, 1003, 277, 666, 758, 275, 942, 682, 887, 937, 212, 955, 783
  sciencehistory/chf-sufia (18 issues): 1053, 1241, 1249, 945, 1264, 1155, 1057, 736, 1250, 1142, 1141, 407, 1099, 1063, 1115, 1204, 1121, 1143
  curationexperts/tenejo (9 issues): 157, 168, 130, 123, 234, 79, 80, 239, 63
  emory-libraries/dlp-curate (9 issues): 533, 507, 117, 213, 245, 376, 428, 111, 545
  cul/ldpd-hyacinth (7 issues): 63, 30, 103, 33, 7, 92, 64
  MPLSFedResearch/cypripedium (3 issues): 110, 146, 109
  osulp/Scholars-Archive (10 issues): 1950, 411, 234, 1941, 82, 612, 221, 1840, 1846, 993
  DigitalWPI/digitalwpi (7 issues): 31, 35, 147, 149, 18, 161, 41
  LafayetteCollegeLibraries/spot (3 issues): 254, 88, 15
  duke-libraries/ddr-public (2 issues): 333, 539
  OregonDigital/oregondigital (9 issues): 511, 529, 705, 263, 934, 53, 66, 667, 1145
  galterlibrary/digital-repository (1 issues): 626
  OregonDigital/OD2 (6 issues): 284, 418, 638, 307, 300, 68
  WGBH-MLA/ams (5 issues): 64, 11, 30, 49, 183
  nycrecords/gpp-hyrax (1 issues): 16
  ucsblibrary/alexandria (3 issues): 81, 61, 162
  digital-york/oasis (1 issues): 272

Cluster 12: image viewer add fix size use page representative iiif close
  ucsdlib/damspas (6 issues): 230, 229, 75, 575, 491, 595
  duke-libraries/ddr-public (29 issues): 188, 83, 265, 282, 500, 498, 162, 148, 592, 160, 154, 368, 166, 133, 597, 398, 551, 147, 309, 289, 271, 248, 264, 283, 161, 122, 337, 241, 142
  pulibrary/figgy (13 issues): 1485, 3197, 401, 991, 3032, 1915, 3260, 2981, 224, 982, 2249, 3129, 564
  psu-libraries/cho (5 issues): 950, 1055, 1049, 1052, 938
  sul-dlss/hydrus (1 issues): 283
  sciencehistory/chf-sufia (20 issues): 1061, 410, 574, 647, 648, 744, 594, 687, 816, 685, 680, 678, 558, 618, 749, 750, 628, 655, 947, 889
  galterlibrary/digital-repository (3 issues): 448, 482, 577
  OregonDigital/OD2 (13 issues): 120, 473, 116, 770, 2, 141, 620, 150, 67, 58, 367, 201, 453
  nulib/donut (20 issues): 164, 301, 31, 194, 454, 318, 5, 276, 477, 357, 171, 446, 158, 29, 85, 214, 7, 462, 286, 27
  MPLSFedResearch/cypripedium (2 issues): 180, 156
  UCLALibrary/californica (4 issues): 721, 20, 687, 329
  ndlib_curate/nd (17 issues): 846, 483, 614, 840, 400, 254, 163, 841, 244, 789, 482, 577, 405, 426, 844, 569, 781
  psu-stewardship/scholarsphere (5 issues): 34, 1066, 611, 52, 1003
  OregonDigital/oregondigital (13 issues): 663, 1214, 1057, 387, 1142, 433, 152, 727, 259, 1068, 1114, 1075, 366
  gwu-libraries/scholarspace-hyrax (1 issues): 19
  ucsblibrary/alexandria (3 issues): 138, 112, 67
  LafayetteCollegeLibraries/spot (3 issues): 239, 262, 228
  mlibrary/heliotrope (11 issues): 639, 2493, 1873, 301, 422, 896, 1174, 536, 2495, 1871, 2259
  curationexperts/tenejo (4 issues): 11, 31, 14, 233
  emory-libraries/dlp-curate (2 issues): 422, 435
  curationexperts/laevigata (5 issues): 1842, 1945, 1947, 517, 1822
  osulp/Scholars-Archive (5 issues): 1837, 850, 923, 1242, 1920
  uclibs/ucrate (3 issues): 358, 345, 624
  digital-york/oasis (1 issues): 106

Cluster 13: task rake add fix run exec file bundle work reindex
  LafayetteCollegeLibraries/spot (4 issues): 222, 164, 251, 174
  gwu-libraries/scholarspace-hyrax (2 issues): 84, 190
  OregonDigital/oregondigital (10 issues): 677, 1113, 55, 1076, 1176, 475, 1115, 108, 502, 896
  nulib/donut (5 issues): 252, 4, 356, 25, 344
  duke-libraries/ddr-public (4 issues): 233, 37, 189, 517
  psu-stewardship/scholarsphere (17 issues): 1488, 709, 143, 74, 983, 78, 1201, 852, 941, 1134, 1029, 858, 223, 1593, 708, 1468, 1130
  UCLALibrary/californica (26 issues): 201, 574, 309, 689, 160, 667, 409, 236, 599, 666, 224, 227, 555, 478, 684, 164, 561, 192, 534, 234, 556, 356, 368, 80, 235, 93
  ndlib_curate/nd (3 issues): 724, 492, 485
  sciencehistory/chf-sufia (25 issues): 1145, 681, 609, 980, 1149, 815, 499, 729, 629, 406, 626, 362, 381, 859, 819, 734, 941, 512, 774, 424, 402, 1220, 977, 782, 386
  osulp/Scholars-Archive (21 issues): 964, 1729, 1818, 1143, 381, 1814, 1538, 1966, 573, 935, 417, 1447, 967, 1244, 1250, 1754, 1589, 1822, 1592, 1823, 1075
  WGBH-MLA/ams (5 issues): 85, 60, 236, 210, 90
  curationexperts/tenejo (5 issues): 163, 57, 13, 10, 103
  mlibrary/heliotrope (40 issues): 2254, 2233, 512, 425, 1910, 742, 1074, 2406, 2069, 470, 2501, 759, 1781, 2304, 506, 2394, 2376, 1758, 1884, 1191, 1993, 2178, 2391, 642, 2177, 708, 2094, 498, 1907, 518, 2175, 2314, 2055, 2138, 2073, 473, 2333, 2246, 1991, 472
  sul-dlss/hydrus (7 issues): 61, 102, 303, 120, 302, 183, 242
  pulibrary/figgy (37 issues): 360, 1560, 3094, 3151, 1339, 2985, 812, 538, 3344, 2683, 3085, 2048, 1769, 3019, 2347, 285, 2679, 1863, 1073, 116, 428, 2799, 353, 2770, 3033, 1506, 1487, 1685, 1165, 426, 351, 350, 3049, 2479, 1645, 2344, 318
  curationexperts/laevigata (13 issues): 1043, 25, 583, 425, 1620, 959, 410, 1154, 970, 863, 1838, 141, 1655
  emory-libraries/dlp-curate (2 issues): 338, 433
  MPLSFedResearch/cypripedium (6 issues): 249, 272, 217, 104, 87, 227
  ucsblibrary/alexandria (7 issues): 177, 82, 28, 115, 176, 175, 121
  cul/ldpd-hyacinth (1 issues): 115
  OregonDigital/OD2 (4 issues): 562, 514, 487, 709
  psu-libraries/cho (3 issues): 213, 864, 870
  digital-york/arch1 (4 issues): 5, 3, 10, 6
  UW-Libraries/druw (2 issues): 31, 27
  DigitalWPI/digitalwpi (3 issues): 91, 162, 183
  digital-york/oasis (3 issues): 135, 179, 260
  uclibs/ucrate (4 issues): 139, 63, 314, 228
  ucsdlib/damspas (2 issues): 13, 581

Cluster 14: pr change dependabot release i18n interface major process adequate accessible
  psu-libraries/cho (83 issues): 556, 496, 635, 558, 501, 399, 420, 388, 502, 516, 435, 413, 524, 557, 391, 405, 505, 645, 474, 576, 438, 499, 529, 531, 751, 422, 464, 470, 573, 669, 462, 392, 624, 433, 493, 458, 500, 384, 626, 601, 488, 533, 575, 586, 515, 418, 594, 390, 398, 603, 527, 587, 525, 434, 412, 521, 486, 592, 567, 495, 396, 397, 395, 479, 625, 431, 518, 615, 386, 476, 421, 563, 579, 473, 406, 528, 571, 394, 472, 610, 494, 430, 465
  ucsdlib/damspas (12 issues): 505, 391, 700, 620, 475, 504, 612, 389, 419, 524, 563, 639
  pulibrary/figgy (16 issues): 3313, 3340, 3336, 3277, 3315, 3316, 3251, 3314, 3317, 3341, 3276, 3312, 3397, 3318, 3319, 3367
  curationexperts/laevigata (6 issues): 1930, 1955, 1953, 1919, 1928, 1943
  nulib/donut (8 issues): 467, 466, 492, 468, 469, 472, 490, 480
  curationexperts/tenejo (3 issues): 254, 252, 247
  emory-libraries/dlp-curate (7 issues): 588, 292, 587, 294, 487, 306, 636
  osulp/Scholars-Archive (2 issues): 1949, 1928
  ndlib_curate/nd (1 issues): 820
  psu-stewardship/scholarsphere (1 issues): 1598
  OregonDigital/OD2 (2 issues): 750, 675

Cluster 15: search result field fix add facet page advanced view display
  OregonDigital/oregondigital (23 issues): 792, 834, 997, 461, 312, 697, 736, 343, 832, 278, 1059, 1106, 274, 447, 358, 404, 384, 264, 50, 356, 881, 282, 395
  mlibrary/heliotrope (28 issues): 2308, 274, 1822, 1834, 1772, 2401, 2381, 1831, 1600, 1142, 2163, 351, 64, 539, 1610, 1428, 2414, 1840, 1217, 1248, 426, 1596, 360, 1298, 1185, 375, 70, 1219
  ucsdlib/damspas (18 issues): 48, 100, 223, 35, 231, 215, 212, 217, 12, 60, 41, 17, 256, 150, 162, 120, 68, 63
  uclibs/ucrate (9 issues): 299, 562, 253, 458, 229, 423, 337, 471, 279
  duke-libraries/ddr-public (16 issues): 536, 426, 490, 212, 181, 544, 487, 290, 479, 540, 120, 535, 459, 187, 587, 179
  osulp/Scholars-Archive (23 issues): 1477, 660, 1699, 700, 193, 1465, 1666, 644, 523, 1371, 1403, 703, 1688, 215, 1020, 1708, 764, 1478, 1406, 1461, 255, 271, 1484
  sciencehistory/chf-sufia (20 issues): 916, 592, 387, 397, 457, 380, 566, 465, 471, 667, 595, 456, 384, 861, 773, 953, 939, 426, 549, 818
  psu-libraries/cho (6 issues): 1002, 906, 771, 423, 1015, 985
  pulibrary/figgy (22 issues): 1181, 968, 2550, 1985, 578, 2764, 264, 2195, 2701, 2748, 2664, 2673, 2738, 100, 1858, 1474, 2746, 3361, 2769, 3287, 2889, 1188
  WGBH-MLA/ams (12 issues): 132, 312, 111, 244, 131, 124, 157, 135, 134, 152, 158, 156
  LafayetteCollegeLibraries/spot (3 issues): 147, 192, 184
  curationexperts/laevigata (9 issues): 1829, 645, 698, 700, 769, 486, 1777, 105, 361
  ndlib_curate/nd (20 issues): 819, 448, 642, 469, 717, 530, 300, 796, 794, 369, 759, 621, 512, 800, 558, 648, 580, 239, 240, 422
  OregonDigital/OD2 (18 issues): 727, 509, 546, 645, 729, 735, 724, 705, 536, 722, 712, 540, 719, 723, 491, 393, 713, 508
  digital-york/ncelp (5 issues): 65, 14, 29, 62, 200
  psu-stewardship/scholarsphere (8 issues): 651, 421, 584, 1189, 614, 295, 1538, 1207
  DigitalWPI/digitalwpi (2 issues): 34, 40
  UCLALibrary/californica (8 issues): 523, 303, 282, 585, 257, 326, 298, 740
  digital-york/oasis (10 issues): 234, 279, 85, 64, 55, 274, 72, 62, 210, 169
  gwu-libraries/scholarspace-hyrax (1 issues): 62
  MPLSFedResearch/cypripedium (5 issues): 225, 161, 335, 336, 160
  UW-Libraries/druw (2 issues): 25, 12
  nycrecords/gpp-hyrax (2 issues): 15, 33
  nulib/donut (1 issues): 273

Cluster 0:
  use change remove field work added error page form connected
  4175 issues in 33 repositories

Cluster 1:
  add fix field metadata work form page new type connected
  927 issues in 32 repositories

Cluster 2:
  file deploystaging master merge work set add csv fix connected
  592 issues in 31 repositories

Cluster 3:
  collection fix add page work show display item metadata title
  371 issues in 26 repositories

Cluster 4:
  link page fix add close resolve footer download show view
  282 issues in 25 repositories

Cluster 5:
  adding fix support field user ref work file name test
  273 issues in 20 repositories

Cluster 6:
  close add resource remove set update fix file thumbnail show
  723 issues in 22 repositories

Cluster 7:
  dependency update updating readme rail gemnasium railshtmlsanitizer 687 document locabulary
  80 issues in 11 repositories

Cluster 8:
  update gem fix hyrax version security latest bundle vulnerability ruby
  663 issues in 33 repositories

Cluster 9:
  resolve monograph add ensures page resource epub fulcrum asset handle
  660 issues in 14 repositories

Cluster 10:
  fix bug issue remove work updated form added page field
  1265 issues in 31 repositories

Cluster 11:
  test feature locally suite updated spec fix work needed add
  432 issues in 27 repositories

Cluster 12:
  image viewer add fix size use page representative iiif close
  189 issues in 24 repositories

Cluster 13:
  task rake add fix run exec file bundle work reindex
  265 issues in 28 repositories

Cluster 14:
  pr change dependabot release i18n interface major process adequate accessible
  141 issues in 11 repositories

Cluster 15:
  search result field fix add facet page advanced view display
  271 issues in 24 repositories

