Loading open issues:
11309 documents

Extracting features from the training dataset using a sparse vectorizer
done in 6.034726s
n_samples: 11309, n_features: 7777

Clustering sparse data with KMeans(algorithm='auto', copy_x=True, init='k-means++', max_iter=100,
       n_clusters=8, n_init=10, n_jobs=None, precompute_distances='auto',
       random_state=None, tol=0.0001, verbose=False)
done in 65.767s

Top terms per cluster:
Cluster 0: close add resource remove link update show set collection facet
  galterlibrary/digital-repository (22 issues): 592, 692, 618, 581, 540, 591, 647, 637, 657, 661, 646, 610, 674, 664, 620, 676, 649, 627, 642, 682, 594, 687
  pulibrary/figgy (346 issues): 2708, 706, 988, 2915, 2491, 2725, 1023, 3198, 1952, 2957, 1203, 915, 2647, 714, 87, 2908, 126, 936, 1448, 125, 2944, 2704, 2252, 1019, 2820, 2973, 2530, 1211, 289, 1181, 3394, 2088, 2056, 2135, 1774, 562, 1202, 2327, 1081, 3000, 3105, 985, 2885, 2312, 924, 2681, 2550, 1275, 2519, 287, 2868, 767, 2333, 3116, 1365, 2076, 2938, 2214, 90, 994, 2346, 1175, 1504, 661, 2557, 2668, 2751, 2790, 3322, 2191, 2379, 2736, 711, 2850, 82, 707, 1124, 2251, 3086, 2901, 882, 1162, 3007, 3327, 112, 2335, 267, 2728, 3011, 161, 877, 1948, 566, 3165, 1334, 1195, 101, 3392, 3231, 662, 2941, 1114, 2742, 34, 2952, 3355, 2131, 2696, 2931, 2686, 1832, 1262, 316, 2932, 2223, 3413, 3093, 1491, 269, 807, 2269, 2702, 2824, 73, 2732, 649, 2167, 2857, 427, 2410, 2902, 1490, 1138, 2111, 2950, 2232, 1942, 2876, 2580, 1871, 264, 2821, 1166, 766, 1274, 2861, 827, 288, 863, 219, 303, 1972, 2194, 121, 1747, 620, 1423, 1015, 2071, 2143, 2380, 2241, 2846, 1929, 86, 2787, 3346, 3161, 3044, 2886, 3222, 3042, 2748, 3298, 1853, 956, 2756, 2151, 3167, 2445, 821, 1788, 835, 2144, 2744, 1954, 2538, 1361, 322, 2753, 1818, 2209, 1246, 866, 2537, 1841, 2665, 2075, 3051, 993, 1329, 3286, 1244, 2763, 2382, 3138, 2972, 2132, 498, 2958, 2710, 2588, 708, 1962, 1751, 255, 1189, 317, 2605, 906, 1826, 2183, 123, 2526, 333, 3114, 286, 2108, 792, 220, 3164, 2869, 1199, 2667, 1340, 3400, 1127, 955, 1489, 914, 2879, 3215, 218, 1280, 2693, 3092, 1093, 2381, 2831, 980, 2695, 1965, 559, 2963, 3179, 1819, 391, 33, 1154, 2589, 31, 684, 2738, 1112, 2965, 3163, 849, 1483, 2661, 1961, 190, 809, 2542, 100, 2488, 642, 2548, 425, 2576, 3083, 1428, 2148, 253, 2578, 2609, 251, 3153, 3351, 2210, 3162, 3391, 660, 1303, 2063, 2697, 1804, 3324, 903, 252, 450, 1399, 1257, 2301, 564, 1130, 704, 1163, 1527, 221, 2569, 3043, 3358, 2398, 2749, 321, 1778, 1495, 945, 2639, 1550, 2880, 3082, 256, 2436, 91, 1105, 2920, 2823, 2477, 3361, 1729, 1787, 573, 3159, 2682, 89, 2659, 2094, 74, 1306, 1309, 1069, 2700, 1158, 2480, 1728
  duke-libraries/ddr-public (77 issues): 451, 570, 85, 58, 104, 305, 59, 566, 107, 108, 83, 2, 28, 332, 43, 78, 457, 99, 558, 244, 266, 57, 222, 81, 567, 585, 76, 19, 32, 223, 6, 387, 215, 49, 552, 478, 21, 569, 453, 597, 469, 596, 101, 398, 571, 240, 46, 54, 468, 36, 4, 61, 87, 45, 69, 372, 271, 553, 34, 422, 42, 565, 593, 556, 466, 63, 119, 116, 71, 450, 173, 23, 142, 209, 345, 97, 377
  OregonDigital/oregondigital (97 issues): 455, 735, 257, 933, 65, 167, 439, 208, 637, 266, 196, 185, 692, 72, 490, 754, 183, 350, 733, 399, 143, 148, 144, 697, 736, 479, 782, 387, 206, 823, 433, 360, 291, 403, 764, 361, 789, 722, 400, 259, 42, 1231, 87, 501, 151, 466, 476, 154, 278, 114, 673, 133, 263, 443, 200, 499, 616, 464, 422, 488, 272, 199, 344, 195, 149, 513, 106, 617, 694, 471, 283, 316, 292, 447, 303, 294, 276, 752, 362, 544, 388, 734, 383, 190, 264, 50, 671, 279, 547, 159, 386, 181, 356, 463, 381, 203, 395
  LafayetteCollegeLibraries/spot (24 issues): 266, 234, 147, 65, 97, 87, 225, 98, 129, 179, 261, 267, 74, 204, 142, 99, 14, 59, 275, 119, 229, 113, 289, 209
  mlibrary/heliotrope (22 issues): 339, 1377, 2293, 382, 407, 113, 422, 349, 1167, 273, 411, 78, 412, 71, 417, 410, 355, 548, 186, 429, 925, 552
  ucsblibrary/alexandria (9 issues): 161, 151, 164, 96, 78, 72, 76, 163, 128
  sciencehistory/chf-sufia (66 issues): 927, 410, 952, 916, 388, 476, 901, 1076, 540, 945, 455, 472, 647, 411, 642, 928, 397, 1007, 1001, 799, 498, 643, 413, 506, 409, 828, 930, 1027, 929, 758, 903, 537, 874, 1272, 1037, 1130, 911, 1044, 468, 805, 1004, 872, 910, 489, 909, 465, 1031, 471, 902, 1113, 650, 398, 561, 456, 915, 536, 953, 505, 992, 979, 871, 445, 919, 1048, 1034, 947
  emory-libraries/dlp-curate (38 issues): 104, 97, 445, 599, 300, 299, 170, 116, 168, 280, 278, 123, 446, 106, 303, 171, 226, 591, 157, 201, 107, 183, 530, 126, 60, 290, 251, 115, 596, 108, 448, 180, 174, 184, 224, 129, 175, 279
  curationexperts/laevigata (63 issues): 649, 861, 679, 1053, 685, 1829, 723, 646, 1474, 565, 670, 1815, 108, 129, 880, 357, 329, 479, 712, 1820, 1202, 882, 477, 276, 769, 305, 597, 314, 667, 511, 352, 757, 722, 415, 532, 866, 794, 600, 70, 229, 721, 459, 719, 692, 686, 388, 922, 795, 804, 710, 622, 607, 538, 304, 577, 1830, 796, 423, 619, 707, 566, 595, 475
  ndlib_curate/nd (13 issues): 199, 40, 630, 85, 97, 669, 46, 150, 63, 143, 206, 53, 312
  osulp/Scholars-Archive (11 issues): 27, 28, 45, 188, 16, 198, 38, 644, 32, 703, 172
  OregonDigital/OD2 (1 issues): 534
  DigitalWPI/digitalwpi (2 issues): 173, 161
  WGBH-MLA/ams (16 issues): 189, 141, 275, 13, 291, 314, 136, 74, 23, 224, 140, 57, 358, 61, 11, 107
  sul-dlss/hydrus (5 issues): 202, 319, 313, 331, 328
  MPLSFedResearch/cypripedium (7 issues): 45, 17, 22, 6, 44, 20, 25
  uclibs/ucrate (4 issues): 21, 24, 27, 37
  UCLALibrary/californica (3 issues): 18, 114, 43
  ucsdlib/damspas (1 issues): 708
  psu-stewardship/scholarsphere (2 issues): 20, 1263
  psu-libraries/cho (2 issues): 600, 329

Cluster 1: update dependency gem fix hyrax version security latest bundle vulnerability
  pulibrary/figgy (42 issues): 550, 2759, 2212, 2060, 409, 2699, 2302, 1498, 2152, 896, 878, 3259, 1652, 1173, 1186, 1966, 1324, 2454, 3055, 951, 380, 2721, 2923, 2361, 3274, 1036, 3014, 1975, 1450, 1347, 3254, 589, 3112, 246, 1894, 1943, 2936, 1663, 1764, 2181, 514, 1754
  psu-stewardship/scholarsphere (25 issues): 1056, 142, 1534, 687, 1435, 120, 1620, 1532, 1592, 746, 72, 75, 1480, 329, 346, 1465, 1467, 724, 1335, 1382, 689, 1206, 1200, 1494, 723
  OregonDigital/OD2 (45 issues): 516, 461, 216, 15, 483, 507, 786, 725, 509, 704, 634, 123, 289, 62, 292, 777, 715, 767, 747, 13, 555, 585, 779, 765, 720, 734, 586, 460, 565, 706, 3, 19, 649, 474, 63, 390, 7, 449, 796, 6, 419, 656, 505, 580, 16
  ucsdlib/damspas (26 issues): 505, 233, 155, 273, 143, 153, 475, 133, 197, 358, 612, 226, 396, 208, 311, 524, 7, 220, 222, 228, 250, 563, 213, 285, 639, 205
  ucsblibrary/alexandria (13 issues): 25, 48, 145, 70, 84, 152, 31, 166, 169, 153, 137, 162, 18
  emory-libraries/dlp-curate (12 issues): 236, 368, 147, 117, 374, 399, 415, 211, 195, 412, 611, 481
  curationexperts/laevigata (38 issues): 287, 785, 273, 1044, 127, 1133, 708, 694, 1924, 1585, 1861, 951, 170, 1825, 1802, 615, 1510, 889, 1054, 1932, 704, 1896, 1853, 1814, 1828, 1947, 1342, 429, 509, 1868, 1344, 931, 851, 1879, 1900, 876, 143, 1849
  sul-dlss/hydrus (83 issues): 214, 317, 86, 153, 318, 213, 226, 130, 297, 237, 5, 305, 334, 271, 156, 18, 24, 211, 304, 160, 362, 3, 339, 194, 365, 355, 159, 179, 345, 203, 224, 91, 158, 222, 51, 126, 56, 196, 357, 273, 206, 270, 216, 292, 272, 236, 212, 230, 263, 343, 347, 227, 274, 275, 259, 340, 106, 80, 336, 219, 252, 215, 231, 352, 220, 210, 356, 282, 229, 238, 221, 353, 96, 301, 267, 332, 54, 296, 346, 78, 344, 162, 218
  osulp/Scholars-Archive (68 issues): 954, 501, 579, 224, 1775, 327, 65, 537, 1429, 608, 496, 1943, 1966, 568, 659, 598, 1963, 1660, 983, 1871, 1354, 1755, 1829, 242, 497, 1259, 1816, 1929, 1695, 569, 971, 1792, 491, 1590, 534, 746, 906, 410, 619, 494, 1220, 527, 842, 1953, 628, 692, 1896, 618, 625, 1290, 78, 1924, 999, 1303, 924, 1936, 1600, 1907, 1704, 792, 1876, 961, 1499, 320, 1939, 222, 1711, 1195
  uclibs/ucrate (38 issues): 495, 715, 237, 71, 678, 66, 749, 744, 255, 719, 663, 552, 184, 111, 101, 610, 566, 48, 149, 791, 136, 217, 332, 769, 281, 687, 762, 643, 196, 157, 236, 112, 694, 512, 480, 224, 787, 47
  ndlib_curate/nd (20 issues): 515, 741, 713, 831, 801, 816, 615, 658, 44, 748, 803, 111, 692, 25, 55, 187, 590, 391, 179, 689
  galterlibrary/digital-repository (3 issues): 621, 576, 473
  digital-york/oasis (10 issues): 161, 191, 136, 196, 267, 180, 244, 259, 231, 8
  psu-libraries/cho (17 issues): 1061, 873, 971, 841, 743, 636, 460, 657, 852, 708, 764, 769, 614, 1064, 851, 904, 972
  nycrecords/gpp-hyrax (4 issues): 29, 12, 15, 25
  sciencehistory/chf-sufia (25 issues): 1209, 1181, 371, 797, 984, 1055, 606, 1015, 613, 1174, 664, 1157, 912, 1011, 955, 1028, 1051, 1203, 1232, 1016, 630, 1202, 578, 1091, 1111
  DigitalWPI/digitalwpi (4 issues): 223, 157, 45, 231
  nulib/donut (18 issues): 337, 61, 406, 466, 165, 45, 271, 468, 310, 13, 469, 294, 33, 440, 29, 26, 425, 490
  mlibrary/heliotrope (49 issues): 1612, 1502, 2489, 87, 1296, 2179, 1359, 711, 2103, 2016, 63, 577, 2174, 2090, 2186, 2210, 1059, 2256, 1974, 2085, 2052, 1063, 2461, 2029, 2278, 1647, 1448, 964, 2229, 85, 1711, 902, 59, 2405, 1852, 2083, 291, 2203, 2428, 1356, 240, 948, 2137, 1279, 1644, 1569, 2112, 2039, 930
  OregonDigital/oregondigital (11 issues): 981, 871, 713, 1015, 1068, 1207, 634, 505, 874, 1248, 1213
  MPLSFedResearch/cypripedium (17 issues): 186, 305, 56, 300, 163, 182, 184, 345, 312, 150, 346, 319, 159, 339, 139, 143, 153
  gwu-libraries/scholarspace-hyrax (3 issues): 24, 56, 10
  duke-libraries/ddr-public (14 issues): 448, 480, 586, 258, 595, 154, 438, 578, 591, 293, 330, 579, 483, 260
  UCLALibrary/californica (19 issues): 735, 363, 419, 397, 306, 733, 389, 237, 584, 346, 4, 81, 185, 741, 311, 8, 688, 706, 328
  curationexperts/tenejo (8 issues): 250, 256, 213, 35, 249, 258, 225, 30
  digital-york/ncelp (6 issues): 80, 100, 116, 30, 37, 32
  cul/ldpd-hyacinth (7 issues): 112, 122, 123, 94, 86, 58, 77
  WGBH-MLA/ams (14 issues): 208, 192, 77, 347, 75, 191, 216, 250, 331, 188, 73, 251, 321, 237
  research-technologies_hyrax/leaf (1 issues): 13
  LafayetteCollegeLibraries/spot (8 issues): 259, 84, 37, 42, 88, 163, 243, 195
  UW-Libraries/druw (8 issues): 43, 4, 44, 47, 46, 41, 13, 2
  digital-york/arch1 (1 issues): 25
  uclibs/gdja (1 issues): 64

Cluster 2: add fix field resolve collection page metadata work form new
  pulibrary/figgy (161 issues): 865, 3107, 382, 512, 416, 77, 2283, 1296, 2179, 1792, 2621, 1396, 2286, 302, 1558, 647, 2782, 1326, 3212, 407, 2616, 2514, 1459, 909, 1985, 124, 1238, 1808, 1217, 917, 1292, 1072, 291, 2369, 314, 40, 1845, 2366, 1392, 1440, 2155, 2572, 3192, 1201, 472, 1838, 2107, 1068, 902, 755, 50, 2360, 869, 325, 315, 49, 1323, 2474, 3102, 2871, 1813, 1501, 46, 1054, 1046, 1775, 1469, 2525, 1863, 778, 3157, 2365, 1780, 127, 198, 2238, 1301, 1439, 1, 1136, 1848, 1772, 2352, 2523, 2986, 1776, 2658, 39, 309, 2, 362, 3239, 799, 3109, 349, 600, 1009, 2396, 3027, 1793, 2712, 463, 506, 889, 1407, 971, 507, 1884, 916, 1013, 5, 1310, 963, 194, 3047, 2793, 940, 2777, 195, 1373, 2287, 2072, 228, 1089, 1216, 2698, 895, 2864, 1889, 1858, 953, 2892, 727, 1474, 937, 446, 2800, 1422, 1502, 1179, 76, 3407, 2791, 2259, 27, 3211, 1677, 2827, 2746, 1424, 2997, 2341, 1086, 2412, 3377, 2345, 1055, 1144, 1188, 923, 1104
  mlibrary/heliotrope (142 issues): 2082, 709, 538, 2187, 2336, 2434, 2079, 393, 1466, 2121, 1703, 313, 1842, 2002, 245, 1323, 2249, 1729, 274, 1927, 2332, 2299, 2342, 666, 990, 1578, 108, 1883, 2014, 2433, 147, 1353, 2048, 1723, 1995, 2010, 927, 2161, 2269, 191, 2015, 1186, 2287, 805, 217, 2469, 1566, 1102, 1507, 1237, 439, 574, 578, 1992, 2387, 1399, 1380, 1876, 686, 2057, 1501, 2410, 1340, 1216, 2063, 862, 2300, 1899, 1260, 1403, 984, 1370, 852, 1827, 963, 2253, 2354, 317, 600, 1419, 672, 2092, 329, 2076, 2360, 2198, 57, 712, 669, 867, 2105, 2388, 1802, 432, 767, 2348, 1996, 2237, 1875, 543, 2491, 2359, 1128, 1976, 2372, 149, 1307, 1595, 2185, 2368, 1986, 1115, 1375, 216, 1956, 360, 1796, 2159, 2075, 2265, 2088, 1825, 791, 1577, 1707, 2222, 444, 2214, 2446, 1331, 2385, 2218, 1374, 1909, 583, 1521, 2259, 61, 2338, 681, 2478, 2255
  ndlib_curate/nd (38 issues): 561, 770, 333, 846, 330, 679, 786, 642, 646, 486, 113, 780, 142, 94, 104, 135, 796, 559, 756, 572, 758, 573, 352, 552, 800, 139, 174, 128, 351, 825, 149, 783, 809, 777, 673, 768, 787, 823
  OregonDigital/oregondigital (51 issues): 643, 642, 726, 1168, 441, 325, 1103, 1102, 1096, 52, 88, 916, 204, 1028, 429, 1123, 1162, 1142, 1089, 55, 1118, 158, 928, 741, 618, 351, 879, 245, 1124, 890, 635, 236, 134, 358, 925, 737, 1165, 989, 953, 958, 1099, 550, 742, 825, 1085, 5, 859, 1256, 1160, 603, 1073
  curationexperts/laevigata (63 issues): 315, 1216, 217, 326, 1686, 698, 1863, 1224, 1098, 1288, 425, 1745, 1246, 1842, 342, 1142, 1941, 1466, 1737, 1826, 1275, 1225, 1180, 1137, 1887, 1700, 277, 1361, 873, 21, 1399, 1279, 1247, 1232, 1827, 1781, 936, 20, 1698, 945, 19, 1715, 364, 946, 613, 1942, 350, 956, 1699, 1086, 1457, 351, 1338, 356, 963, 114, 1449, 1434, 1383, 422, 1462, 1097, 1136
  osulp/Scholars-Archive (106 issues): 37, 1595, 477, 1487, 1477, 749, 1306, 102, 1168, 802, 518, 1682, 443, 895, 1318, 1350, 1599, 1699, 891, 1944, 846, 1419, 154, 74, 630, 1903, 624, 425, 573, 176, 1002, 591, 1573, 737, 1038, 43, 898, 1375, 1420, 946, 593, 1181, 1058, 486, 1326, 578, 441, 582, 767, 510, 1387, 317, 1395, 1315, 1885, 1007, 1931, 1336, 1541, 738, 189, 428, 1070, 1186, 629, 471, 385, 723, 1613, 495, 54, 1242, 1753, 1932, 1498, 1657, 1184, 1140, 1130, 883, 1142, 1310, 1934, 72, 575, 1614, 612, 576, 691, 487, 145, 580, 1888, 590, 637, 1347, 1846, 1200, 1579, 993, 1484, 1036, 896, 570, 1866, 15
  uclibs/gdja (8 issues): 18, 23, 13, 8, 51, 15, 62, 19
  duke-libraries/ddr-public (49 issues): 349, 525, 530, 210, 375, 560, 512, 499, 10, 557, 562, 574, 519, 181, 544, 324, 516, 479, 481, 272, 288, 369, 120, 535, 169, 129, 523, 185, 322, 392, 424, 554, 321, 465, 247, 131, 308, 18, 283, 522, 235, 533, 587, 29, 524, 575, 528, 548, 8
  psu-stewardship/scholarsphere (34 issues): 770, 1597, 557, 1072, 1066, 1603, 1194, 782, 680, 1061, 696, 1183, 1135, 668, 460, 1213, 773, 772, 618, 888, 1150, 1007, 432, 483, 465, 452, 761, 1609, 712, 797, 711, 1606, 559, 832
  sciencehistory/chf-sufia (38 issues): 1216, 449, 1026, 524, 603, 1249, 172, 656, 1205, 612, 823, 1221, 610, 1127, 816, 355, 145, 566, 106, 484, 432, 775, 1006, 528, 507, 557, 810, 384, 725, 657, 817, 1115, 754, 426, 839, 818, 1275, 577
  ucsdlib/damspas (28 issues): 100, 152, 571, 301, 161, 156, 321, 225, 442, 199, 443, 165, 512, 657, 440, 715, 658, 19, 203, 457, 234, 432, 664, 579, 533, 459, 209, 159
  UCLALibrary/californica (56 issues): 605, 601, 654, 518, 37, 175, 79, 544, 170, 57, 310, 180, 249, 494, 294, 182, 704, 174, 242, 455, 189, 85, 603, 593, 399, 34, 597, 420, 228, 560, 163, 573, 177, 566, 173, 460, 176, 91, 165, 301, 141, 299, 162, 418, 690, 187, 15, 307, 541, 56, 58, 497, 262, 448, 60, 438
  LafayetteCollegeLibraries/spot (30 issues): 274, 73, 68, 216, 47, 71, 239, 30, 249, 46, 253, 63, 83, 90, 231, 155, 177, 245, 29, 55, 139, 110, 109, 61, 53, 117, 220, 15, 196, 292
  WGBH-MLA/ams (57 issues): 29, 195, 231, 79, 132, 168, 349, 125, 66, 111, 280, 244, 197, 68, 276, 313, 169, 131, 92, 6, 124, 213, 172, 91, 104, 117, 163, 82, 187, 297, 173, 342, 34, 135, 126, 51, 253, 110, 14, 242, 80, 40, 3, 102, 62, 355, 362, 43, 158, 46, 293, 255, 5, 285, 155, 156, 20
  psu-libraries/cho (16 issues): 1059, 265, 1050, 756, 716, 751, 938, 755, 880, 932, 742, 946, 993, 1044, 988, 619
  OregonDigital/OD2 (55 issues): 417, 430, 651, 642, 65, 340, 102, 407, 549, 618, 626, 127, 468, 133, 116, 635, 389, 424, 342, 641, 305, 627, 422, 368, 428, 89, 748, 402, 155, 157, 5, 703, 355, 138, 541, 431, 640, 657, 92, 285, 232, 776, 150, 730, 67, 420, 64, 179, 118, 336, 17, 766, 561, 787, 772
  curationexperts/tenejo (17 issues): 26, 11, 109, 3, 6, 236, 81, 96, 8, 176, 1, 114, 63, 14, 9, 10, 224
  nulib/donut (52 issues): 301, 365, 170, 241, 10, 137, 31, 194, 487, 224, 298, 368, 183, 326, 361, 314, 331, 179, 173, 6, 381, 168, 250, 200, 78, 357, 478, 328, 330, 107, 346, 212, 69, 413, 158, 3, 284, 340, 64, 243, 336, 156, 104, 85, 204, 214, 462, 451, 273, 286, 274, 248
  nycrecords/gpp-hyrax (4 issues): 18, 28, 16, 17
  uclibs/ucrate (71 issues): 360, 103, 253, 52, 582, 667, 631, 348, 284, 51, 410, 733, 311, 268, 716, 89, 124, 146, 131, 144, 296, 395, 170, 358, 229, 757, 583, 429, 577, 517, 102, 743, 424, 163, 204, 772, 73, 173, 223, 423, 747, 99, 440, 478, 49, 567, 334, 263, 316, 697, 578, 357, 632, 158, 98, 561, 105, 793, 312, 185, 171, 278, 323, 522, 543, 446, 485, 459, 335, 430, 90
  cul/ldpd-hyacinth (14 issues): 63, 40, 118, 8, 18, 37, 12, 36, 28, 31, 16, 7, 13, 43
  emory-libraries/dlp-curate (47 issues): 307, 638, 583, 539, 526, 341, 54, 594, 495, 339, 493, 543, 155, 565, 595, 216, 517, 340, 109, 245, 366, 173, 557, 514, 500, 50, 555, 590, 102, 502, 327, 459, 334, 518, 435, 428, 277, 601, 496, 597, 105, 420, 274, 528, 490, 153, 509
  digital-york/ncelp (12 issues): 33, 101, 102, 128, 138, 177, 62, 143, 78, 49, 68, 70
  sul-dlss/hydrus (12 issues): 244, 168, 360, 52, 260, 90, 247, 118, 140, 181, 116, 223
  digital-york/oasis (22 issues): 146, 119, 178, 170, 233, 83, 202, 240, 165, 226, 142, 192, 293, 252, 157, 163, 167, 130, 9, 169, 213, 268
  MPLSFedResearch/cypripedium (14 issues): 187, 110, 145, 86, 121, 341, 84, 220, 236, 16, 228, 46, 130, 88
  ucsblibrary/alexandria (11 issues): 77, 126, 139, 102, 75, 1, 127, 108, 67, 103, 21
  gwu-libraries/scholarspace-hyrax (9 issues): 4, 236, 26, 186, 182, 50, 82, 162, 45
  DigitalWPI/digitalwpi (4 issues): 39, 18, 159, 67
  galterlibrary/digital-repository (2 issues): 596, 475
  research-technologies_hyrax/leaf (1 issues): 7

Cluster 3: file work set csv fix add connected download upload supplemental
  curationexperts/laevigata (91 issues): 975, 1045, 1673, 194, 993, 1151, 620, 1509, 1476, 220, 1671, 1780, 1013, 1493, 1628, 1456, 1632, 230, 1324, 641, 1012, 186, 1516, 1663, 1722, 1253, 219, 833, 1440, 412, 925, 791, 1507, 1773, 855, 1588, 859, 231, 413, 1473, 639, 656, 258, 1515, 1517, 1346, 1530, 1269, 799, 1559, 1414, 1508, 1719, 418, 792, 1945, 1160, 410, 1633, 1450, 913, 1240, 1730, 1551, 977, 1464, 863, 1704, 1711, 841, 1387, 1546, 633, 452, 1481, 1581, 1672, 1266, 745, 488, 1742, 484, 1669, 1759, 1501, 1747, 1590, 952, 1821, 942, 1326
  curationexperts/tenejo (16 issues): 131, 155, 187, 151, 133, 234, 104, 161, 208, 15, 78, 138, 147, 128, 61, 158
  MPLSFedResearch/cypripedium (23 issues): 54, 247, 124, 144, 141, 123, 234, 91, 213, 215, 218, 116, 119, 332, 230, 175, 138, 142, 245, 111, 242, 147, 348
  pulibrary/figgy (97 issues): 1102, 1508, 348, 3181, 3001, 2299, 1704, 113, 1404, 2051, 37, 3257, 3197, 1760, 1370, 2226, 1212, 43, 2308, 1070, 2414, 2853, 144, 122, 1847, 1383, 2364, 2276, 615, 1304, 700, 1021, 1355, 2914, 2275, 1882, 1921, 1862, 3260, 2022, 9, 1914, 3207, 2734, 2858, 2594, 3184, 2992, 3146, 2363, 3095, 3154, 2035, 2406, 2303, 3099, 2969, 271, 107, 2006, 1270, 1271, 1221, 1290, 847, 553, 913, 165, 1239, 2122, 2323, 128, 1382, 2176, 3175, 1730, 2475, 1259, 92, 393, 3022, 1363, 1272, 856, 187, 2225, 931, 3275, 1047, 2359, 1225, 1913, 2024, 1172, 1920, 2517, 1267
  mlibrary/heliotrope (47 issues): 800, 2481, 2200, 1608, 1764, 2455, 1881, 2219, 2374, 1278, 189, 1944, 2345, 1607, 1026, 2315, 888, 1242, 1656, 1474, 2257, 640, 1256, 1451, 1675, 438, 1334, 173, 390, 101, 192, 2281, 1259, 2173, 413, 227, 2027, 228, 307, 2258, 457, 1882, 1249, 211, 789, 882, 2238
  ndlib_curate/nd (62 issues): 522, 706, 101, 118, 542, 310, 709, 138, 258, 665, 708, 231, 735, 535, 477, 112, 17, 129, 9, 313, 134, 553, 284, 722, 255, 763, 745, 701, 393, 124, 761, 435, 555, 707, 452, 70, 100, 577, 567, 131, 405, 594, 381, 3, 95, 737, 146, 544, 757, 668, 283, 250, 190, 569, 291, 306, 518, 115, 824, 323, 233, 784
  UCLALibrary/californica (42 issues): 221, 398, 642, 672, 198, 132, 685, 653, 84, 587, 253, 209, 558, 590, 248, 595, 247, 516, 273, 701, 26, 450, 675, 664, 579, 661, 569, 534, 552, 496, 559, 159, 532, 252, 226, 203, 271, 620, 204, 665, 225, 212
  OregonDigital/oregondigital (7 issues): 523, 723, 894, 309, 82, 920, 892
  uclibs/ucrate (21 issues): 230, 461, 562, 576, 315, 766, 654, 491, 97, 584, 644, 20, 498, 670, 558, 269, 723, 557, 476, 225, 649
  digital-york/oasis (2 issues): 91, 265
  psu-stewardship/scholarsphere (93 issues): 490, 522, 722, 821, 611, 395, 1209, 1197, 114, 1461, 1005, 931, 1260, 1190, 745, 1071, 1436, 23, 985, 1292, 567, 536, 1199, 253, 1271, 116, 1294, 682, 1388, 1452, 656, 688, 982, 402, 530, 1204, 361, 288, 550, 744, 1593, 1605, 1286, 523, 493, 575, 1557, 1516, 1432, 1300, 1293, 1402, 555, 1404, 1218, 1498, 1189, 965, 1296, 1013, 971, 1419, 1384, 224, 56, 754, 1471, 1431, 1416, 1379, 1211, 1279, 679, 708, 80, 1450, 681, 456, 1430, 784, 57, 160, 899, 774, 1612, 586, 1277, 894, 1290, 1618, 53, 16, 878
  psu-libraries/cho (61 issues): 744, 705, 704, 822, 679, 616, 900, 698, 746, 608, 921, 621, 699, 864, 639, 856, 660, 609, 766, 577, 523, 667, 990, 884, 641, 871, 965, 748, 771, 1033, 979, 919, 779, 865, 604, 870, 664, 980, 668, 709, 1041, 823, 996, 607, 903, 613, 962, 220, 602, 592, 401, 954, 611, 777, 646, 662, 859, 916, 915, 485, 263
  sciencehistory/chf-sufia (13 issues): 422, 627, 1262, 1270, 1137, 483, 430, 488, 168, 504, 922, 659, 1140
  galterlibrary/digital-repository (2 issues): 557, 631
  ucsdlib/damspas (18 issues): 78, 198, 59, 91, 20, 130, 479, 207, 235, 139, 146, 108, 238, 482, 686, 447, 8, 171
  nulib/donut (8 issues): 103, 329, 400, 463, 453, 410, 22, 283
  LafayetteCollegeLibraries/spot (3 issues): 291, 123, 230
  UW-Libraries/druw (1 issues): 14
  osulp/Scholars-Archive (17 issues): 1346, 163, 147, 1239, 1356, 1250, 1366, 1115, 557, 556, 1069, 1179, 1331, 484, 267, 1875, 864
  gwu-libraries/scholarspace-hyrax (1 issues): 71
  WGBH-MLA/ams (2 issues): 219, 39
  OregonDigital/OD2 (9 issues): 691, 199, 10, 439, 375, 141, 563, 698, 149
  digital-york/arch1 (1 issues): 9
  emory-libraries/dlp-curate (14 issues): 410, 571, 213, 581, 564, 566, 335, 169, 373, 256, 579, 101, 567, 606
  cul/ldpd-hyacinth (5 issues): 6, 72, 27, 29, 75
  duke-libraries/ddr-public (8 issues): 331, 397, 150, 292, 581, 248, 489, 568
  sul-dlss/hydrus (6 issues): 87, 147, 36, 135, 143, 82
  uclibs/gdja (2 issues): 7, 32
  digital-york/ncelp (3 issues): 130, 120, 27
  ucsblibrary/alexandria (3 issues): 92, 43, 40
  DigitalWPI/digitalwpi (2 issues): 74, 185

Cluster 4: change test fix description collection form field interface process pr
  mlibrary/heliotrope (35 issues): 2327, 2308, 1316, 1878, 2213, 529, 336, 1430, 2225, 1042, 2497, 1870, 2475, 510, 934, 2223, 2019, 950, 2302, 365, 2051, 2417, 2207, 239, 2442, 1917, 699, 2263, 701, 2272, 1838, 1864, 137, 2071, 664
  psu-libraries/cho (131 issues): 556, 496, 635, 558, 501, 677, 1047, 858, 399, 869, 882, 994, 420, 366, 388, 1058, 502, 697, 516, 435, 413, 906, 761, 524, 557, 391, 405, 941, 505, 487, 645, 1031, 474, 576, 340, 1004, 438, 372, 520, 385, 499, 529, 531, 910, 422, 464, 1040, 470, 670, 1057, 573, 669, 462, 392, 840, 624, 433, 493, 410, 458, 500, 384, 626, 601, 488, 812, 533, 575, 423, 855, 411, 317, 586, 515, 1003, 418, 594, 277, 953, 390, 630, 1030, 970, 398, 987, 907, 603, 912, 759, 914, 527, 587, 525, 434, 412, 521, 486, 567, 495, 369, 887, 396, 397, 395, 479, 937, 625, 431, 518, 615, 386, 476, 421, 936, 563, 579, 463, 473, 526, 1045, 406, 528, 1001, 571, 394, 472, 610, 494, 430, 774, 465
  OregonDigital/oregondigital (11 issues): 1233, 1198, 1204, 629, 9, 280, 998, 1127, 1188, 94, 1080
  curationexperts/laevigata (32 issues): 100, 1877, 1565, 1355, 1365, 1170, 1767, 1203, 1564, 1874, 499, 1459, 1174, 1158, 1264, 1567, 1117, 1458, 1480, 1218, 1560, 1746, 1549, 1638, 1139, 1839, 669, 693, 1378, 1379, 1487, 1726
  pulibrary/figgy (31 issues): 1742, 1255, 1477, 3301, 432, 1314, 2086, 2228, 1867, 3066, 1388, 1479, 437, 2733, 2450, 1164, 2304, 1468, 2160, 485, 2093, 1111, 3258, 3177, 3304, 2385, 1531, 1074, 1464, 1873, 1890
  uclibs/ucrate (48 issues): 359, 299, 398, 119, 735, 361, 143, 402, 252, 777, 792, 455, 206, 280, 271, 331, 329, 499, 290, 497, 783, 262, 532, 346, 382, 541, 191, 568, 475, 401, 442, 665, 595, 776, 244, 337, 133, 354, 241, 74, 572, 411, 389, 123, 756, 422, 786, 466
  nulib/donut (19 issues): 19, 92, 2, 324, 93, 476, 477, 289, 230, 338, 9, 138, 23, 364, 345, 71, 100, 191, 132
  ndlib_curate/nd (47 issues): 550, 682, 319, 568, 379, 750, 260, 47, 820, 717, 136, 530, 649, 300, 265, 654, 762, 140, 110, 418, 715, 536, 752, 688, 674, 272, 680, 625, 639, 558, 122, 546, 610, 6, 697, 720, 647, 655, 492, 527, 743, 686, 325, 591, 303, 93, 422
  duke-libraries/ddr-public (5 issues): 7, 22, 299, 161, 176
  emory-libraries/dlp-curate (7 issues): 425, 200, 371, 247, 362, 326, 197
  psu-stewardship/scholarsphere (27 issues): 1336, 710, 1187, 721, 831, 255, 1298, 1545, 809, 1607, 115, 99, 24, 1599, 1576, 980, 1033, 691, 760, 1255, 126, 781, 1133, 1337, 649, 1481, 256
  osulp/Scholars-Archive (29 issues): 1815, 1712, 442, 709, 1017, 1344, 1950, 1342, 1377, 1183, 1162, 854, 1652, 1774, 1430, 1716, 1526, 1587, 922, 764, 804, 1001, 1848, 1577, 1413, 825, 67, 1927, 548
  WGBH-MLA/ams (10 issues): 109, 137, 209, 214, 179, 243, 327, 10, 344, 223
  sciencehistory/chf-sufia (18 issues): 731, 391, 1149, 781, 608, 971, 1085, 1066, 905, 399, 400, 123, 611, 1235, 1099, 120, 861, 628
  uclibs/gdja (3 issues): 27, 54, 47
  MPLSFedResearch/cypripedium (11 issues): 292, 89, 274, 302, 177, 131, 214, 255, 109, 291, 93
  UCLALibrary/californica (10 issues): 330, 28, 742, 129, 656, 549, 410, 702, 692, 90
  digital-york/arch1 (5 issues): 22, 5, 17, 20, 13
  digital-york/oasis (9 issues): 99, 284, 232, 229, 230, 285, 272, 227, 106
  curationexperts/tenejo (4 issues): 88, 154, 107, 102
  ucsblibrary/alexandria (1 issues): 155
  cul/ldpd-hyacinth (5 issues): 23, 35, 33, 24, 34
  galterlibrary/digital-repository (1 issues): 482
  sul-dlss/hydrus (4 issues): 95, 108, 173, 242
  OregonDigital/OD2 (10 issues): 738, 636, 457, 255, 240, 661, 540, 201, 349, 508
  ucsdlib/damspas (8 issues): 158, 284, 21, 523, 338, 711, 577, 115
  DigitalWPI/digitalwpi (3 issues): 233, 146, 170
  LafayetteCollegeLibraries/spot (4 issues): 56, 149, 130, 276
  UW-Libraries/druw (5 issues): 8, 33, 15, 19, 5
  digital-york/ncelp (5 issues): 161, 186, 104, 178, 179
  nycrecords/gpp-hyrax (3 issues): 34, 27, 19

Cluster 5: fix collection bug field work issue remove search page updated
  osulp/Scholars-Archive (334 issues): 745, 1339, 1556, 735, 991, 146, 1217, 740, 1150, 811, 1089, 829, 395, 1404, 259, 264, 1197, 1622, 289, 1838, 1367, 1224, 1833, 660, 1196, 1214, 1084, 1761, 1678, 926, 1324, 1373, 807, 1804, 513, 424, 446, 1231, 297, 889, 1466, 1066, 987, 1940, 665, 1289, 287, 988, 1845, 990, 1388, 1088, 1358, 1206, 1122, 981, 383, 474, 1836, 824, 700, 1762, 411, 415, 631, 1398, 1043, 1758, 1893, 995, 173, 687, 1279, 1384, 1188, 1620, 1039, 750, 1598, 1218, 1820, 951, 1849, 421, 828, 1107, 313, 1841, 840, 819, 821, 413, 673, 322, 1535, 1216, 1202, 408, 193, 1341, 171, 1853, 1719, 1844, 1352, 913, 1817, 1442, 770, 1348, 18, 75, 1787, 1819, 1161, 1448, 85, 310, 1686, 245, 170, 805, 892, 820, 465, 1041, 1460, 1788, 729, 684, 1482, 874, 1418, 1149, 104, 901, 919, 1261, 743, 53, 1309, 393, 933, 722, 626, 283, 182, 833, 1737, 1530, 850, 269, 678, 1528, 1205, 652, 880, 1187, 1765, 1947, 380, 832, 1756, 235, 1643, 870, 1230, 1035, 834, 476, 1715, 1106, 1858, 1080, 1922, 1198, 920, 76, 1307, 523, 1806, 636, 332, 409, 1363, 1553, 1192, 921, 1602, 1078, 918, 1268, 763, 183, 112, 1656, 1371, 1113, 1964, 654, 394, 1119, 1397, 1623, 1256, 945, 1074, 268, 1390, 1640, 1435, 186, 803, 1734, 801, 1340, 248, 86, 816, 1612, 215, 1061, 869, 1128, 1204, 1913, 1708, 1671, 567, 1766, 702, 1646, 721, 1830, 614, 917, 769, 1215, 157, 1298, 1432, 1690, 1045, 1942, 1433, 1665, 419, 697, 392, 1330, 1724, 1422, 1675, 1439, 1406, 831, 1004, 1353, 651, 1424, 1147, 1025, 1669, 17, 308, 149, 1317, 998, 1176, 1114, 294, 1323, 1629, 796, 1335, 1576, 103, 1322, 1457, 1740, 1087, 766, 1582, 791, 1635, 1772, 679, 68, 693, 1185, 748, 162, 875, 1123, 800, 762, 1044, 271, 622, 1191, 992, 1840, 1683, 83, 251, 1219, 1027, 304, 296, 324, 839, 1316, 1469, 1692, 1260, 969, 741, 1148, 943, 1783, 931, 1463, 266, 386, 333, 1881, 389, 1201, 731, 658, 1869, 771, 813, 1370
  pulibrary/figgy (215 issues): 537, 103, 2357, 155, 630, 1790, 1313, 2471, 1514, 814, 3126, 813, 2468, 1437, 196, 2500, 699, 276, 3279, 2498, 879, 1640, 2524, 397, 2358, 3209, 3182, 203, 3369, 1227, 539, 2314, 396, 543, 2279, 444, 1824, 1900, 1409, 3084, 1846, 2606, 2196, 2133, 1530, 2893, 1311, 2061, 114, 972, 1433, 3200, 689, 2607, 3178, 1970, 991, 887, 2887, 966, 1205, 522, 3353, 3067, 3305, 2966, 886, 3065, 1923, 2953, 3328, 1455, 2087, 2982, 2213, 606, 2182, 1153, 2392, 1381, 2146, 2980, 947, 326, 2723, 2840, 852, 1879, 2311, 643, 2415, 768, 1865, 2224, 1944, 1059, 3338, 2256, 983, 2917, 480, 834, 646, 2059, 1220, 2184, 1426, 504, 154, 2403, 719, 2888, 2509, 3253, 2625, 3015, 192, 1436, 2481, 3337, 531, 958, 2664, 140, 749, 3306, 3376, 424, 1471, 3136, 3366, 1486, 3039, 457, 1562, 3271, 2478, 2038, 1353, 2612, 1389, 1045, 2485, 692, 907, 459, 497, 368, 2673, 2249, 1644, 3113, 479, 2116, 2254, 2243, 1245, 2362, 2633, 420, 2617, 2058, 1513, 3141, 2368, 884, 442, 414, 1265, 102, 900, 369, 2166, 2535, 1224, 343, 567, 502, 438, 742, 529, 2559, 370, 1058, 2229, 2613, 2541, 167, 525, 2110, 3242, 1117, 458, 845, 156, 815, 950, 359, 1207, 3335, 975, 2627, 47, 2281, 2417, 1815, 829, 3287, 476, 2159, 1037, 3303, 3367, 1052, 3054
  nulib/donut (71 issues): 431, 234, 162, 32, 67, 439, 315, 117, 392, 291, 415, 287, 281, 333, 455, 414, 350, 376, 182, 438, 447, 442, 115, 459, 394, 116, 416, 318, 348, 421, 72, 335, 196, 121, 199, 444, 434, 125, 405, 424, 332, 249, 427, 409, 388, 423, 393, 112, 239, 404, 131, 389, 296, 435, 122, 399, 49, 12, 130, 387, 261, 383, 79, 111, 317, 402, 448, 358, 279, 27, 198
  duke-libraries/ddr-public (46 issues): 279, 458, 277, 550, 455, 474, 186, 270, 148, 426, 361, 374, 427, 94, 542, 532, 269, 393, 476, 504, 339, 551, 217, 431, 55, 199, 396, 316, 443, 395, 428, 364, 381, 367, 564, 503, 505, 343, 444, 337, 366, 156, 259, 145, 473, 262
  UCLALibrary/californica (24 issues): 369, 52, 640, 676, 289, 183, 117, 495, 727, 7, 469, 578, 256, 164, 561, 92, 734, 33, 479, 44, 390, 376, 118, 468
  uclibs/gdja (10 issues): 37, 46, 52, 1, 20, 28, 33, 21, 34, 63
  OregonDigital/oregondigital (119 issues): 792, 582, 670, 988, 975, 503, 397, 935, 157, 982, 1107, 817, 549, 985, 1149, 1222, 498, 1236, 664, 285, 46, 1021, 846, 110, 997, 728, 820, 1057, 1194, 1185, 104, 525, 402, 1238, 77, 250, 1001, 1121, 1216, 1140, 1166, 1200, 948, 1006, 863, 727, 1153, 811, 211, 996, 1196, 959, 209, 1011, 1181, 1105, 809, 964, 1008, 1035, 848, 995, 521, 1126, 1251, 922, 993, 1059, 978, 1178, 1003, 1016, 1158, 71, 532, 1106, 1254, 679, 442, 983, 675, 967, 1000, 1092, 1148, 864, 66, 404, 1083, 500, 1072, 1055, 384, 444, 883, 1064, 1141, 1187, 1173, 1202, 950, 1210, 667, 952, 1033, 869, 1191, 939, 1197, 1024, 1157, 232, 493, 1012, 514, 881, 986, 282, 75
  OregonDigital/OD2 (109 issues): 664, 257, 671, 309, 120, 405, 351, 477, 476, 433, 435, 444, 581, 100, 727, 246, 702, 492, 251, 486, 711, 497, 771, 514, 293, 623, 388, 148, 574, 624, 654, 189, 456, 254, 729, 653, 652, 648, 198, 465, 762, 296, 436, 732, 481, 284, 736, 352, 128, 196, 692, 135, 735, 575, 114, 791, 458, 724, 625, 301, 539, 511, 770, 299, 219, 153, 660, 677, 647, 573, 447, 655, 705, 495, 279, 622, 124, 721, 722, 112, 256, 712, 620, 557, 719, 768, 723, 769, 782, 553, 488, 361, 670, 404, 329, 393, 203, 632, 633, 713, 119, 582, 663, 178, 548, 658, 564, 558, 280
  galterlibrary/digital-repository (12 issues): 471, 364, 467, 602, 554, 598, 605, 472, 108, 465, 474, 583
  uclibs/ucrate (67 issues): 445, 676, 127, 379, 285, 439, 513, 625, 717, 313, 186, 650, 463, 594, 386, 403, 539, 297, 712, 87, 384, 745, 388, 118, 669, 469, 50, 677, 421, 254, 134, 345, 596, 138, 292, 618, 486, 159, 640, 447, 718, 147, 156, 88, 545, 481, 467, 509, 624, 586, 642, 65, 291, 126, 81, 784, 573, 364, 518, 531, 187, 598, 546, 324, 342, 137, 340
  curationexperts/laevigata (113 issues): 498, 623, 524, 816, 270, 1241, 811, 478, 353, 571, 906, 1662, 1798, 896, 910, 125, 1520, 665, 661, 1955, 700, 579, 1482, 827, 1239, 867, 1412, 1790, 297, 487, 1305, 808, 1573, 1022, 336, 1526, 1894, 1635, 1862, 1824, 580, 1313, 1541, 774, 1328, 514, 485, 530, 1952, 438, 663, 293, 691, 1401, 1503, 1582, 443, 758, 1284, 657, 664, 564, 460, 709, 1570, 809, 1491, 1610, 771, 521, 1591, 1544, 701, 1319, 818, 909, 441, 1535, 684, 492, 1689, 1532, 1257, 296, 971, 839, 797, 480, 461, 1521, 642, 658, 1250, 409, 671, 1542, 1576, 1391, 1702, 979, 582, 782, 660, 490, 253, 1297, 1818, 1312, 517, 1384, 449, 497, 1923
  mlibrary/heliotrope (91 issues): 563, 2172, 1769, 102, 282, 1028, 633, 171, 1863, 1032, 1277, 920, 1599, 1765, 2373, 1034, 883, 655, 2392, 2244, 2341, 2380, 109, 544, 2371, 378, 1288, 1600, 1613, 418, 1865, 1033, 893, 1761, 1321, 1522, 2484, 1322, 1022, 64, 1988, 539, 1610, 2356, 2106, 1217, 2465, 1400, 1362, 496, 2319, 1894, 1433, 1342, 1636, 2282, 2506, 2134, 549, 1892, 2483, 1179, 1655, 1046, 2297, 1914, 2194, 2464, 2326, 2077, 2130, 798, 1581, 2350, 328, 1292, 2496, 338, 1209, 1043, 1637, 553, 1635, 2415, 2093, 70, 1931, 2091, 794, 466, 1471
  WGBH-MLA/ams (35 issues): 67, 228, 196, 97, 112, 96, 312, 145, 221, 170, 115, 150, 81, 119, 256, 232, 157, 283, 204, 114, 36, 367, 225, 71, 4, 332, 134, 138, 18, 174, 274, 301, 249, 129, 84
  sciencehistory/chf-sufia (65 issues): 375, 1248, 693, 1162, 1243, 837, 592, 740, 648, 481, 1155, 1046, 631, 1279, 996, 516, 923, 802, 1173, 756, 564, 1195, 849, 735, 1267, 539, 1160, 555, 405, 1283, 757, 1088, 699, 1152, 525, 772, 1150, 593, 362, 381, 369, 487, 1146, 510, 452, 667, 450, 1222, 908, 671, 836, 584, 1094, 1213, 1182, 773, 1029, 813, 974, 1200, 674, 549, 581, 1214, 787
  ndlib_curate/nd (27 issues): 380, 832, 785, 760, 614, 721, 241, 274, 749, 506, 811, 759, 736, 798, 835, 662, 810, 676, 209, 661, 795, 744, 517, 75, 332, 166, 703
  psu-stewardship/scholarsphere (50 issues): 573, 62, 921, 128, 429, 1581, 151, 5, 113, 1457, 305, 1411, 882, 421, 584, 370, 28, 52, 426, 976, 304, 1540, 1510, 55, 129, 393, 1373, 357, 410, 79, 1299, 1427, 412, 552, 295, 290, 65, 152, 227, 301, 310, 1567, 42, 401, 307, 356, 289, 1081, 30, 570
  digital-york/oasis (12 issues): 296, 276, 203, 228, 266, 201, 110, 175, 278, 199, 129, 137
  ucsdlib/damspas (49 issues): 189, 329, 236, 127, 106, 240, 453, 290, 425, 497, 99, 111, 121, 426, 102, 101, 232, 289, 480, 277, 294, 103, 504, 256, 126, 573, 109, 600, 275, 514, 9, 58, 307, 305, 590, 253, 351, 255, 57, 503, 312, 71, 350, 267, 3, 145, 219, 366, 317
  sul-dlss/hydrus (28 issues): 138, 125, 294, 32, 129, 361, 17, 326, 132, 290, 190, 112, 69, 241, 93, 240, 300, 258, 245, 146, 293, 256, 88, 73, 151, 145, 74, 254
  LafayetteCollegeLibraries/spot (7 issues): 50, 135, 54, 111, 184, 232, 218
  DigitalWPI/digitalwpi (14 issues): 236, 181, 196, 83, 212, 238, 90, 188, 198, 191, 40, 1, 194, 75
  MPLSFedResearch/cypripedium (14 issues): 231, 149, 166, 148, 250, 275, 151, 167, 337, 277, 233, 176, 19, 32
  curationexperts/tenejo (6 issues): 33, 60, 221, 31, 25, 205
  ucsblibrary/alexandria (24 issues): 116, 11, 158, 71, 22, 120, 99, 4, 15, 117, 52, 10, 8, 159, 5, 19, 47, 35, 148, 147, 61, 80, 156, 140
  digital-york/ncelp (15 issues): 182, 26, 106, 99, 105, 183, 159, 197, 38, 189, 61, 201, 164, 127, 199
  gwu-libraries/scholarspace-hyrax (19 issues): 230, 75, 227, 209, 235, 164, 225, 55, 121, 47, 28, 43, 18, 53, 174, 29, 88, 49, 180
  emory-libraries/dlp-curate (8 issues): 477, 244, 214, 293, 480, 598, 473, 377
  cul/ldpd-hyacinth (2 issues): 83, 95
  UW-Libraries/druw (4 issues): 42, 38, 12, 45
  psu-libraries/cho (5 issues): 956, 264, 532, 940, 785
  nycrecords/gpp-hyrax (1 issues): 14
  digital-york/arch1 (2 issues): 40, 39

Cluster 6: task rake deploystaging merge master add run fix staging exec
  LafayetteCollegeLibraries/spot (4 issues): 222, 262, 76, 251
  nulib/donut (68 issues): 390, 252, 417, 450, 242, 208, 285, 128, 4, 290, 316, 113, 160, 86, 418, 73, 235, 136, 223, 118, 109, 443, 282, 207, 172, 309, 98, 15, 302, 464, 356, 237, 159, 266, 280, 17, 433, 221, 452, 231, 436, 167, 246, 80, 141, 149, 152, 491, 144, 288, 272, 21, 126, 300, 275, 379, 202, 428, 25, 120, 210, 313, 344, 205, 265, 304, 395, 297
  gwu-libraries/scholarspace-hyrax (4 issues): 84, 38, 190, 1
  OregonDigital/oregondigital (11 issues): 677, 1113, 177, 512, 1076, 1176, 475, 1115, 108, 502, 896
  duke-libraries/ddr-public (4 issues): 233, 37, 189, 517
  psu-stewardship/scholarsphere (16 issues): 1488, 709, 143, 74, 983, 78, 1201, 852, 941, 1134, 1029, 858, 223, 122, 1468, 1130
  UCLALibrary/californica (21 issues): 201, 574, 309, 689, 160, 667, 409, 599, 666, 224, 227, 555, 478, 684, 192, 234, 556, 356, 368, 80, 93
  ndlib_curate/nd (2 issues): 724, 485
  sciencehistory/chf-sufia (23 issues): 1145, 681, 609, 980, 1230, 815, 499, 729, 629, 390, 406, 626, 859, 819, 734, 941, 512, 774, 424, 402, 1220, 782, 386
  osulp/Scholars-Archive (18 issues): 964, 1729, 1818, 1143, 381, 1814, 1538, 935, 417, 1447, 967, 1244, 1754, 1589, 1822, 1592, 1823, 1075
  WGBH-MLA/ams (8 issues): 85, 60, 236, 38, 210, 90, 27, 45
  curationexperts/tenejo (3 issues): 163, 13, 103
  ucsdlib/damspas (3 issues): 85, 13, 581
  mlibrary/heliotrope (42 issues): 2254, 2233, 512, 425, 1910, 742, 1074, 2406, 2032, 2069, 470, 2501, 759, 1781, 2304, 506, 2394, 2376, 1758, 1884, 1191, 1993, 2178, 2391, 1780, 642, 2177, 708, 2094, 498, 1907, 518, 2175, 2314, 2055, 2138, 2073, 473, 2333, 2246, 1991, 472
  sul-dlss/hydrus (7 issues): 61, 102, 6, 303, 120, 302, 183
  pulibrary/figgy (34 issues): 360, 1560, 3094, 3151, 1339, 2985, 812, 538, 3344, 2683, 3085, 1769, 3019, 2347, 285, 2679, 1073, 116, 428, 2799, 353, 2770, 3033, 1506, 1487, 1685, 426, 351, 350, 3049, 2479, 1645, 2344, 318
  curationexperts/laevigata (10 issues): 1043, 25, 583, 1620, 959, 1154, 970, 1838, 141, 1655
  emory-libraries/dlp-curate (2 issues): 338, 433
  MPLSFedResearch/cypripedium (6 issues): 249, 272, 217, 104, 87, 227
  ucsblibrary/alexandria (7 issues): 177, 82, 28, 115, 176, 175, 121
  cul/ldpd-hyacinth (1 issues): 115
  OregonDigital/OD2 (3 issues): 562, 487, 709
  psu-libraries/cho (1 issues): 213
  UW-Libraries/druw (2 issues): 31, 27
  DigitalWPI/digitalwpi (3 issues): 91, 162, 183
  digital-york/oasis (3 issues): 135, 179, 260
  digital-york/arch1 (3 issues): 3, 10, 6
  uclibs/ucrate (4 issues): 139, 63, 314, 228

Cluster 7: resolve use test remove adding work page field added collection
  mlibrary/heliotrope (902 issues): 1911, 2170, 2313, 628, 2390, 1222, 1766, 2043, 2099, 2190, 2490, 1048, 2047, 2169, 1671, 433, 1849, 857, 430, 1550, 1368, 991, 75, 242, 1887, 110, 1784, 437, 1832, 304, 1940, 973, 363, 1498, 1312, 2226, 1982, 2309, 1631, 1964, 381, 2310, 2404, 1629, 1947, 1942, 166, 1454, 2017, 2140, 1953, 1903, 2026, 1169, 1860, 420, 2021, 832, 2000, 1290, 860, 1352, 335, 1315, 1113, 576, 1898, 2196, 2030, 1960, 1621, 302, 2261, 983, 1177, 817, 2127, 2266, 2291, 2201, 501, 2340, 562, 2482, 2167, 582, 111, 2234, 1885, 2498, 1824, 1932, 960, 1978, 1822, 1716, 2413, 2205, 1314, 312, 1095, 2165, 2403, 1332, 2450, 1798, 1455, 1862, 827, 144, 2031, 1180, 1098, 935, 1156, 1736, 1027, 2024, 1965, 1967, 2437, 1328, 998, 1281, 223, 541, 2095, 1348, 391, 1619, 605, 2435, 1226, 859, 639, 299, 374, 1834, 1817, 1061, 764, 1772, 2243, 1933, 1951, 534, 535, 2115, 1125, 1739, 2268, 1990, 1327, 606, 1745, 704, 2086, 1740, 770, 226, 1893, 1930, 1975, 2078, 2267, 2153, 1783, 2296, 409, 2511, 2067, 2317, 833, 2004, 1300, 2347, 2098, 1010, 2124, 680, 834, 1329, 2224, 1686, 2335, 2377, 631, 1294, 1861, 1874, 992, 1086, 1908, 1436, 2493, 1355, 2220, 1821, 1901, 2467, 1949, 1853, 471, 2325, 1705, 2275, 1760, 2149, 1904, 1626, 2443, 1417, 1833, 356, 1818, 2096, 2436, 2215, 1640, 1060, 2426, 2518, 1962, 956, 2061, 2235, 2009, 92, 1457, 780, 903, 2401, 1515, 1073, 1923, 2318, 750, 2199, 103, 2162, 2363, 1999, 1969, 2286, 689, 2386, 580, 462, 1971, 2191, 1360, 1724, 1984, 2381, 447, 2158, 1924, 2034, 1787, 456, 2447, 1081, 2184, 2479, 2064, 2066, 2298, 2459, 2018, 1726, 1918, 1672, 2114, 2011, 1616, 1799, 2143, 2208, 996, 308, 1831, 1062, 1432, 1141, 641, 2044, 1129, 2456, 2042, 495, 1737, 2334, 2251, 2448, 2087, 2147, 1926, 1357, 1905, 1204, 1183, 1966, 2264, 2503, 1666, 376, 2508, 917, 1247, 1124, 816, 1142, 1257, 306, 1768, 2352, 1873, 2163, 2466, 1848, 2192, 362, 1785, 235, 106, 2133, 1989, 2054, 2139, 2116, 1868, 1721, 445, 528, 2197, 2432, 939, 1530, 1797, 2062, 2400, 1659, 2081, 2242, 961, 169, 1829, 632, 1642, 1456, 2458, 923, 790, 2119, 301, 797, 209, 1938, 2110, 332, 2357, 2109, 2288, 1066, 2132, 2053, 2515, 2120, 366, 1912, 1985, 2041, 1575, 624, 2502, 2141, 1218, 1440, 2358, 2303, 2013, 1719, 2460, 2375, 1968, 2152, 2240, 2155, 2474, 981, 2473, 1295, 2154, 1906, 2419, 1351, 1044, 766, 2422, 1184, 1954, 1133, 1919, 2306, 1468, 1867, 2494, 351, 2227, 2248, 2353, 887, 781, 1916, 2454, 2362, 635, 1297, 1412, 2156, 602, 1023, 2056, 2344, 2505, 1731, 58, 1520, 1819, 467, 1428, 1529, 842, 2038, 667, 525, 2022, 2414, 2407, 2355, 2305, 1888, 2144, 415, 2311, 130, 1840, 442, 2036, 2393, 2216, 60, 2160, 1230, 1248, 2488, 140, 2295, 854, 2189, 1100, 734, 2107, 2361, 1897, 2399, 665, 2351, 936, 2365, 2322, 210, 2366, 2164, 2012, 2101, 2003, 1071, 353, 1859, 2367, 2150, 1114, 1937, 383, 1437, 1880, 2274, 294, 2074, 1835, 177, 637, 1958, 1844, 1823, 2204, 1015, 2131, 2321, 1051, 2431, 687, 2072, 1963, 281, 1734, 531, 1877, 2045, 1006, 662, 1040, 947, 2089, 2023, 1496, 1223, 2323, 1879, 1047, 2084, 2260, 1973, 1945, 1512, 865, 1603, 244, 2292, 1943, 623, 426, 2221, 1285, 2209, 254, 2346, 2451, 1845, 2477, 1922, 1628, 474, 1983, 500, 293, 199, 2329, 2441, 2050, 1255, 2151, 896, 1414, 142, 1639, 2108, 588, 2113, 2378, 468, 1826, 1972, 749, 392, 696, 1643, 2499, 2343, 976, 1866, 2316, 1770, 369, 2468, 1029, 953, 705, 768, 1174, 1611, 1997, 1889, 318, 1293, 2028, 2487, 1045, 1722, 194, 1207, 1505, 196, 1851, 2025, 2452, 370, 1469, 2252, 1240, 2136, 499, 2395, 440, 461, 2486, 2285, 2423, 1343, 1872, 2277, 2230, 1531, 1425, 2420, 668, 1890, 1166, 65, 1839, 1211, 1762, 176, 1928, 1846, 989, 1435, 753, 1299, 298, 752, 2330, 564, 1085, 835, 1939, 1921, 585, 2006, 568, 2070, 1854, 885, 603, 2176, 2180, 1443, 1313, 1771, 1567, 2065, 1549, 1037, 190, 921, 1660, 1273, 2020, 891, 2492, 2033, 1955, 225, 2232, 2049, 1111, 2037, 1891, 1843, 168, 2416, 2102, 1896, 2193, 421, 2463, 1596, 756, 758, 2453, 2059, 1733, 2424, 450, 1168, 1275, 2320, 2202, 1462, 815, 536, 569, 2408, 1970, 1957, 736, 804, 2104, 357, 247, 1869, 1225, 1841, 1934, 449, 2123, 214, 1005, 1895, 1203, 2142, 2271, 2111, 972, 2273, 1402, 2001, 977, 372, 2516, 2188, 1289, 751, 2510, 698, 2409, 1201, 951, 2211, 593, 2331, 2181, 2307, 1339, 1664, 2005, 464, 1298, 1925, 1959, 1913, 2008, 2504, 2379, 1950, 448, 1057, 2289, 1836, 550, 2283, 2412, 1658, 2389, 1650, 2370, 2228, 1139, 2312, 1185, 777, 1632, 2118, 2128, 208, 1422, 2445, 2007, 1980, 644, 1349, 1116, 2476, 2411, 2206, 2427, 2324, 645, 2212, 431, 515, 2383, 2480, 2514, 2146, 361, 755, 1385, 924, 2117, 1407, 1981, 589, 2495, 864, 1858, 572, 1143, 1803, 1227, 1452, 509, 1570, 551, 1398, 1036, 1283, 2035, 1837, 1915, 375, 2236, 316, 1946, 743, 2444, 1763, 1948, 320, 2339, 688, 1987, 2183, 2262, 1112, 503, 327, 1276, 1929, 1682, 1857, 2148, 2397, 1902, 1977, 597, 2058, 1582, 1438, 1871, 2157, 901, 2364, 2195, 1030, 1219, 388, 1998, 957, 1338, 630, 567, 647, 2449, 2182, 2328, 2398, 2270, 2080, 2126, 1900, 2440, 1847, 1050, 2168, 793, 1018, 2301, 931, 1583, 2349, 1369, 969, 2276, 2512, 1830, 1952, 2430, 700, 1663, 364, 1774, 428, 175, 2513, 571, 1373, 2421, 295, 861, 1213, 1850, 1856, 573, 1779, 1220, 1633, 2384, 2125, 2247, 1668
  curationexperts/laevigata (446 issues): 1460, 512, 1771, 1524, 81, 1101, 1358, 1774, 547, 1430, 1886, 962, 1343, 1785, 278, 1467, 1786, 110, 239, 1211, 1751, 1062, 1735, 1307, 1740, 1649, 1577, 1938, 1650, 1914, 1753, 1452, 411, 1930, 1078, 1134, 325, 1876, 1478, 994, 66, 1418, 1255, 778, 1397, 823, 1888, 1431, 1273, 1875, 1644, 1409, 1439, 540, 1099, 1756, 734, 420, 630, 1906, 1321, 645, 678, 11, 154, 1291, 1866, 1652, 888, 417, 472, 1872, 917, 727, 943, 1680, 904, 374, 1775, 1222, 1448, 328, 1046, 34, 1885, 813, 968, 760, 1015, 1392, 1281, 337, 603, 505, 1685, 1116, 473, 155, 1115, 1215, 454, 1950, 871, 988, 1121, 935, 1002, 529, 267, 1710, 631, 754, 1282, 372, 1410, 1126, 1641, 106, 1327, 266, 991, 416, 865, 824, 616, 1732, 1522, 1787, 933, 1621, 1761, 1236, 1304, 1008, 556, 1059, 842, 1100, 1325, 1454, 652, 1042, 1256, 1058, 185, 1479, 878, 549, 929, 1034, 1744, 203, 581, 1658, 1413, 1131, 1926, 389, 1212, 439, 1055, 1393, 1713, 1064, 1356, 612, 1271, 26, 1317, 1951, 1422, 1011, 852, 1096, 1360, 1575, 1339, 272, 1429, 849, 875, 1463, 1242, 1854, 840, 366, 614, 1705, 643, 1229, 302, 1654, 1135, 1438, 466, 1716, 1364, 1244, 668, 1648, 515, 1823, 1426, 1403, 1130, 453, 755, 1783, 903, 1095, 640, 807, 1234, 537, 1486, 853, 1380, 1490, 1396, 1252, 1077, 1624, 798, 1574, 1772, 1465, 1800, 1857, 874, 966, 1337, 1653, 632, 120, 1388, 932, 1122, 385, 1103, 407, 288, 397, 1031, 400, 837, 510, 448, 1200, 634, 1125, 1141, 1123, 437, 1637, 1004, 391, 1018, 401, 838, 1925, 567, 1794, 1001, 1270, 286, 431, 1953, 1000, 1958, 1024, 1019, 1898, 1840, 22, 1665, 1386, 35, 1712, 380, 1308, 130, 563, 1274, 568, 1506, 539, 1014, 1144, 1784, 1661, 1442, 1793, 637, 1852, 1867, 384, 470, 1156, 1636, 1296, 1145, 491, 124, 877, 666, 1799, 1427, 934, 1226, 1752, 1263, 1205, 1531, 636, 1778, 957, 535, 907, 1155, 218, 964, 980, 644, 793, 819, 506, 1461, 1812, 1813, 501, 558, 947, 1235, 1640, 1609, 868, 1227, 829, 1856, 363, 624, 1104, 1357, 1292, 736, 578, 1340, 1720, 1727, 1138, 990, 1049, 801, 1848, 848, 1381, 265, 1451, 1322, 1398, 596, 1417, 576, 989, 371, 916, 486, 1220, 382, 891, 1831, 1362, 1415, 115, 965, 1919, 216, 222, 1880, 1612, 1777, 1502, 1382, 338, 1265, 105, 1230, 414, 1331, 1363, 10, 1093, 1005, 312, 1143, 1248, 1754, 264, 814, 1916, 1563, 1294, 621, 1878, 1682, 1922, 655, 1318, 1714, 1792, 1359, 1895, 1801, 1009, 1436, 835, 387, 650, 1660, 1664, 370, 1822, 1348, 1488, 349, 1738, 334, 361, 978, 1435, 323, 1928, 131, 890, 898, 1419, 1717, 1943, 1550, 1587, 1254, 940, 319, 1060, 822, 1214
  MPLSFedResearch/cypripedium (101 issues): 165, 82, 136, 183, 180, 295, 157, 162, 294, 106, 221, 53, 152, 98, 173, 181, 31, 154, 132, 280, 55, 85, 171, 252, 251, 243, 269, 94, 118, 95, 304, 52, 340, 313, 140, 281, 112, 27, 229, 226, 285, 225, 311, 161, 133, 47, 36, 241, 146, 105, 170, 169, 120, 318, 267, 244, 335, 293, 155, 156, 179, 39, 40, 336, 158, 342, 90, 160, 92, 3, 268, 235, 29, 168, 172, 117, 310, 286, 344, 96, 301, 178, 240, 164, 108, 30, 271, 50, 48, 41, 15, 347, 49, 279, 113, 174, 216, 51, 289, 107, 246
  ndlib_curate/nd (439 issues): 99, 54, 516, 125, 586, 160, 519, 58, 18, 296, 151, 193, 599, 245, 88, 279, 636, 126, 700, 13, 595, 570, 833, 175, 537, 576, 232, 842, 156, 145, 583, 513, 574, 483, 548, 608, 774, 322, 667, 792, 685, 819, 490, 617, 711, 563, 78, 173, 496, 611, 83, 157, 147, 638, 531, 152, 663, 247, 61, 545, 840, 277, 618, 448, 598, 27, 120, 677, 497, 753, 259, 464, 499, 8, 814, 657, 92, 834, 710, 165, 634, 726, 392, 698, 804, 170, 429, 348, 449, 280, 71, 289, 400, 815, 276, 346, 755, 356, 678, 421, 461, 549, 76, 562, 631, 357, 587, 469, 30, 557, 656, 672, 326, 29, 603, 320, 772, 77, 68, 564, 180, 602, 388, 532, 566, 164, 597, 547, 182, 729, 732, 338, 596, 504, 702, 438, 408, 746, 434, 457, 299, 733, 253, 705, 137, 254, 184, 293, 675, 827, 132, 837, 324, 807, 407, 96, 238, 292, 829, 385, 80, 454, 806, 361, 103, 177, 14, 578, 108, 704, 106, 693, 90, 181, 712, 473, 315, 290, 287, 836, 683, 87, 275, 511, 718, 581, 794, 176, 163, 588, 369, 633, 460, 584, 20, 169, 158, 725, 694, 632, 340, 21, 246, 627, 282, 171, 89, 533, 771, 838, 600, 841, 244, 779, 764, 10, 734, 747, 301, 243, 653, 248, 168, 15, 107, 489, 788, 556, 462, 230, 242, 620, 621, 512, 687, 551, 769, 337, 281, 409, 34, 28, 765, 479, 659, 32, 616, 791, 789, 295, 450, 22, 339, 23, 161, 186, 188, 329, 431, 256, 482, 650, 316, 371, 127, 622, 637, 754, 604, 624, 671, 130, 640, 36, 189, 153, 488, 59, 234, 524, 426, 607, 696, 691, 605, 652, 390, 378, 538, 318, 681, 719, 593, 305, 648, 523, 690, 521, 716, 651, 731, 327, 286, 109, 623, 297, 514, 444, 601, 19, 790, 159, 185, 828, 474, 751, 67, 294, 580, 660, 766, 342, 440, 773, 302, 239, 543, 540, 11, 154, 66, 102, 105, 839, 619, 251, 307, 501, 451, 26, 31, 240, 494, 579, 16, 740, 2, 666, 520, 455, 742, 456, 202, 844, 776, 304, 560, 446, 62, 670, 69, 12, 612, 644, 723, 445, 565, 728, 7, 432, 72, 57, 252, 541, 141, 528, 739, 502, 33, 73, 575, 781, 183, 727, 495, 699, 539, 453, 91, 466, 797, 507, 178, 571, 487, 82, 334, 237, 24, 626, 155, 172, 235, 148, 592, 628, 35, 162, 443, 845, 374, 317, 64, 695, 529, 79, 476, 509, 288, 236, 366, 812, 554, 121, 398, 714, 424, 684, 362, 5, 793, 635, 123, 345, 778, 609, 585, 802, 664
  ucsdlib/damspas (233 issues): 532, 185, 391, 592, 230, 1, 112, 177, 61, 48, 74, 66, 178, 223, 202, 44, 610, 119, 35, 50, 673, 700, 666, 46, 190, 206, 698, 231, 399, 37, 520, 678, 611, 82, 28, 460, 215, 95, 31, 186, 168, 86, 292, 151, 697, 180, 113, 212, 337, 49, 229, 682, 76, 217, 182, 134, 670, 214, 38, 12, 496, 136, 164, 669, 60, 184, 181, 167, 620, 42, 4, 681, 125, 16, 239, 77, 500, 93, 241, 41, 662, 675, 10, 54, 98, 149, 29, 69, 75, 616, 575, 135, 187, 174, 118, 17, 163, 53, 676, 62, 94, 494, 129, 188, 90, 218, 166, 65, 52, 132, 88, 462, 11, 18, 172, 47, 150, 72, 81, 668, 14, 36, 162, 683, 87, 6, 73, 96, 627, 458, 120, 140, 334, 659, 142, 242, 687, 51, 502, 191, 176, 84, 535, 123, 471, 692, 398, 89, 22, 665, 194, 104, 281, 650, 23, 389, 663, 200, 79, 144, 122, 419, 64, 193, 24, 477, 647, 491, 170, 674, 32, 26, 175, 92, 195, 5, 591, 137, 39, 210, 499, 511, 605, 107, 689, 68, 116, 25, 169, 598, 474, 148, 588, 298, 27, 565, 147, 227, 55, 201, 138, 131, 247, 117, 63, 522, 124, 630, 70, 97, 2, 595, 40, 246, 34, 546, 671, 473, 83, 216, 224, 128, 517, 154, 179, 56, 576, 110, 196, 157, 45, 672, 237
  UCLALibrary/californica (251 issues): 288, 365, 312, 406, 674, 680, 251, 293, 261, 240, 662, 596, 318, 517, 726, 611, 606, 582, 191, 634, 625, 589, 721, 184, 277, 88, 732, 621, 498, 443, 737, 331, 724, 670, 638, 119, 213, 5, 29, 693, 630, 193, 9, 580, 181, 488, 542, 278, 562, 270, 291, 327, 669, 592, 493, 122, 319, 695, 487, 637, 411, 725, 82, 608, 523, 125, 417, 671, 719, 703, 644, 236, 501, 292, 223, 61, 618, 333, 576, 39, 602, 714, 648, 543, 641, 614, 586, 10, 38, 144, 116, 588, 738, 314, 250, 231, 551, 6, 705, 445, 683, 302, 626, 723, 512, 728, 424, 548, 717, 635, 731, 335, 591, 303, 313, 218, 622, 615, 660, 678, 713, 530, 134, 616, 338, 663, 374, 711, 208, 617, 600, 480, 604, 739, 673, 422, 594, 30, 627, 352, 697, 698, 354, 526, 27, 658, 515, 657, 613, 186, 260, 623, 649, 607, 20, 610, 276, 194, 21, 467, 378, 222, 217, 372, 461, 535, 718, 730, 138, 334, 524, 557, 425, 632, 567, 371, 624, 707, 124, 652, 388, 720, 446, 612, 370, 577, 210, 628, 696, 442, 470, 645, 677, 679, 196, 619, 631, 219, 233, 286, 629, 687, 282, 137, 681, 729, 130, 366, 135, 350, 585, 257, 554, 128, 636, 326, 391, 609, 298, 263, 258, 287, 459, 235, 655, 716, 668, 211, 650, 712, 736, 740, 691, 290, 583, 190, 230, 229, 709, 377, 694, 581, 686, 254, 633, 329, 421, 550, 715, 529, 722
  sciencehistory/chf-sufia (227 issues): 1138, 779, 751, 1050, 571, 1061, 733, 395, 1053, 698, 1241, 625, 1010, 1237, 682, 1227, 821, 840, 412, 898, 553, 1211, 1207, 649, 451, 1047, 882, 847, 1277, 1246, 574, 551, 1090, 461, 502, 360, 414, 408, 497, 113, 826, 1156, 721, 387, 501, 967, 1264, 658, 392, 803, 970, 546, 744, 742, 1126, 827, 1201, 705, 644, 1104, 825, 173, 372, 697, 906, 588, 1098, 804, 944, 415, 1252, 954, 1057, 440, 981, 457, 1284, 683, 913, 1147, 530, 720, 380, 594, 687, 900, 1040, 485, 820, 1129, 490, 860, 1119, 1052, 662, 661, 420, 736, 969, 1250, 1225, 543, 685, 983, 404, 866, 570, 680, 1185, 780, 651, 1142, 1141, 559, 634, 1280, 973, 639, 688, 883, 122, 1054, 585, 917, 695, 1083, 753, 464, 446, 475, 690, 855, 602, 678, 167, 407, 403, 962, 1257, 601, 747, 696, 1035, 812, 1067, 991, 801, 1096, 376, 354, 926, 1041, 907, 620, 382, 1196, 959, 1265, 950, 30, 663, 1042, 904, 595, 29, 830, 418, 177, 730, 558, 1120, 618, 599, 1245, 637, 726, 728, 749, 652, 1256, 880, 666, 868, 702, 169, 750, 1236, 752, 1060, 869, 1086, 654, 1013, 958, 1247, 1131, 1063, 722, 838, 1124, 1204, 893, 125, 745, 1128, 939, 1121, 724, 723, 784, 776, 1082, 1025, 977, 1095, 655, 1143, 511, 670, 704, 361, 755, 1226, 889, 894, 986, 1239
  pulibrary/figgy (472 issues): 462, 3106, 357, 3101, 1668, 3313, 2974, 1485, 1682, 95, 1277, 3340, 874, 1080, 1932, 1496, 2354, 837, 477, 3401, 1475, 2891, 342, 2762, 1680, 1266, 2513, 1231, 164, 959, 136, 1298, 2253, 28, 1720, 2255, 1057, 2206, 1827, 819, 1880, 2739, 505, 817, 1761, 1998, 2560, 2367, 44, 1300, 1926, 106, 2949, 94, 873, 1276, 2592, 451, 1039, 3336, 2154, 816, 148, 729, 1010, 3272, 968, 1533, 2543, 3277, 3278, 3315, 2245, 1472, 2039, 1503, 2512, 2192, 205, 560, 528, 2211, 2752, 79, 2922, 32, 2237, 1359, 229, 831, 3024, 590, 876, 1810, 2325, 467, 788, 327, 1398, 464, 352, 3180, 3089, 1119, 2771, 1510, 3096, 2829, 591, 3316, 2860, 2956, 3333, 273, 761, 803, 2921, 608, 3251, 607, 798, 334, 1892, 401, 2562, 3050, 939, 3030, 2355, 2942, 1796, 1356, 1077, 2112, 1896, 2032, 1763, 2760, 1833, 191, 597, 1830, 1908, 805, 299, 1963, 3140, 35, 772, 3208, 3032, 2591, 3110, 96, 3289, 1182, 2048, 2499, 1354, 713, 153, 2350, 513, 1912, 578, 3262, 1770, 202, 2890, 1064, 2290, 2766, 715, 2373, 1123, 197, 2375, 3123, 189, 1885, 872, 1835, 2971, 3173, 186, 1209, 1063, 384, 1507, 36, 2145, 1915, 135, 3143, 764, 1269, 2533, 2161, 3056, 967, 3266, 3134, 2054, 2618, 1949, 2620, 1351, 2764, 1099, 2552, 1268, 2351, 400, 1425, 733, 721, 2227, 2544, 12, 3133, 1893, 2349, 2195, 2397, 2755, 2951, 367, 371, 2629, 2163, 698, 3147, 2310, 3362, 2981, 965, 826, 310, 337, 398, 386, 323, 3248, 3104, 1767, 2536, 2701, 793, 3314, 1509, 158, 511, 1336, 1386, 483, 2336, 2553, 2378, 1494, 2233, 1665, 1394, 1462, 739, 1350, 3317, 548, 1113, 2805, 2726, 2040, 1213, 471, 2906, 2711, 2954, 224, 948, 358, 3002, 1395, 29, 1759, 2913, 3348, 2124, 461, 419, 75, 3108, 272, 3341, 434, 929, 820, 417, 415, 1933, 1654, 745, 412, 1931, 436, 3292, 1828, 320, 1067, 1014, 45, 3115, 3029, 1752, 2277, 486, 3169, 982, 2587, 2948, 435, 3202, 3276, 141, 1402, 1161, 1758, 1806, 1017, 2779, 2331, 403, 2545, 575, 245, 2515, 2754, 406, 540, 1368, 258, 3312, 1924, 1338, 3308, 3342, 1798, 346, 3397, 3145, 193, 2337, 1066, 42, 2113, 3196, 1341, 3371, 2250, 1297, 1666, 1228, 926, 2293, 2371, 1165, 2130, 1352, 2806, 555, 2121, 452, 557, 385, 399, 1454, 1430, 1934, 997, 10, 1103, 2839, 3129, 433, 1660, 1950, 2231, 2757, 677, 340, 2961, 3261, 2960, 1925, 6, 499, 2852, 880, 1532, 270, 2117, 3264, 41, 1378, 1278, 4, 2272, 3263, 1078, 1312, 1148, 2372, 1755, 3068, 501, 482, 137, 2026, 389, 2472, 3137, 3302, 888, 2593, 977, 1922, 2585, 3174, 3318, 443, 2169, 3319, 2546, 1636, 2197, 611, 2178, 744, 2848, 3160, 2527, 3131, 227, 2120, 157, 2676, 2713, 2769, 3294, 2157, 38, 1415, 1435, 2136, 908, 1789, 3045, 3183, 1065, 2889, 341, 2783, 716, 2386, 261, 1945, 890, 2215, 13, 2851, 2599, 2050, 2570, 199
  OregonDigital/oregondigital (221 issues): 666, 884, 860, 751, 41, 876, 682, 201, 1212, 51, 298, 4, 834, 1069, 932, 663, 821, 319, 1179, 1214, 63, 80, 10, 131, 600, 7, 83, 1264, 60, 641, 541, 773, 592, 775, 748, 485, 1152, 676, 1026, 96, 1120, 779, 924, 784, 926, 1005, 1079, 163, 877, 293, 590, 258, 49, 414, 945, 146, 511, 639, 113, 461, 312, 1074, 588, 806, 509, 591, 1234, 1239, 491, 242, 89, 182, 646, 145, 152, 771, 750, 688, 1150, 97, 866, 486, 529, 14, 777, 2, 705, 341, 753, 438, 100, 247, 538, 534, 47, 246, 1159, 141, 888, 343, 44, 839, 749, 136, 832, 105, 3, 40, 13, 336, 363, 791, 873, 946, 275, 1114, 510, 1151, 609, 934, 504, 778, 1081, 1004, 683, 287, 1111, 437, 1112, 496, 604, 1170, 613, 1036, 238, 249, 1138, 584, 535, 61, 865, 774, 507, 53, 556, 274, 233, 681, 430, 339, 1163, 6, 882, 207, 1071, 1281, 1, 872, 310, 585, 1220, 658, 1116, 840, 58, 15, 1047, 506, 150, 198, 450, 793, 124, 225, 623, 138, 295, 286, 137, 244, 1171, 112, 1075, 366, 715, 118, 317, 473, 184, 453, 870, 850, 425, 845, 318, 240, 875, 468, 776, 79, 624, 162, 1077, 125, 861, 818, 349, 59, 222, 696, 747, 545, 314, 306, 1030, 812, 346, 11, 785, 895, 1145
  psu-stewardship/scholarsphere (379 issues): 798, 2, 467, 749, 454, 1270, 1028, 839, 1119, 1118, 327, 1541, 1512, 865, 768, 163, 446, 1096, 1542, 1083, 529, 1046, 1191, 583, 1040, 66, 1023, 692, 1274, 462, 1122, 34, 1575, 1533, 1484, 1144, 538, 298, 833, 1077, 309, 266, 1486, 1287, 922, 70, 130, 185, 719, 44, 1378, 1010, 1219, 1489, 1601, 1273, 63, 1616, 1272, 271, 1162, 296, 1341, 897, 1099, 822, 1370, 651, 1055, 840, 1253, 475, 297, 926, 1008, 1357, 498, 268, 877, 1039, 27, 1275, 757, 1158, 427, 1354, 648, 124, 64, 1320, 31, 1080, 617, 81, 658, 1193, 713, 1372, 1024, 1497, 1221, 291, 1184, 752, 568, 940, 43, 1449, 1017, 1188, 673, 960, 1198, 855, 1364, 655, 54, 771, 1549, 1004, 222, 1148, 955, 1281, 762, 1539, 499, 1598, 1594, 1208, 1479, 751, 141, 39, 317, 683, 1215, 1082, 1022, 25, 1472, 1116, 1610, 123, 1141, 1507, 841, 1493, 539, 1131, 616, 535, 59, 1529, 1574, 1333, 1289, 1021, 1544, 1380, 1381, 844, 1069, 1376, 167, 1368, 879, 1305, 755, 1106, 1112, 287, 1570, 725, 61, 472, 1403, 843, 36, 1165, 823, 1491, 398, 699, 1348, 736, 1113, 1495, 1265, 41, 35, 964, 884, 1334, 973, 1257, 1031, 1366, 820, 1124, 690, 1501, 49, 92, 1297, 491, 367, 963, 1385, 486, 86, 3, 1210, 1058, 372, 828, 1136, 1002, 701, 368, 1447, 51, 759, 1098, 1456, 937, 1487, 657, 1568, 1067, 800, 732, 1508, 38, 485, 1391, 1035, 614, 685, 854, 302, 1003, 1084, 1170, 33, 1596, 977, 707, 864, 836, 813, 1321, 77, 753, 29, 1097, 1482, 1353, 1105, 1291, 972, 1140, 165, 669, 1390, 1064, 988, 494, 1173, 1202, 1463, 694, 292, 1531, 420, 397, 1548, 1363, 1325, 704, 117, 871, 1078, 695, 1103, 1528, 1090, 1351, 731, 1579, 1159, 1469, 1538, 1254, 1108, 765, 1151, 766, 1517, 425, 423, 1478, 845, 1295, 150, 1319, 1212, 1377, 254, 667, 1147, 1, 1276, 6, 50, 1615, 799, 1149, 1352, 1595, 1000, 1120, 1026, 1473, 40, 987, 1018, 1608, 67, 267, 1110, 715, 22, 1138, 1059, 861, 1153, 58, 662, 1220, 1152, 1371, 1207, 556, 1496, 851, 1412, 560, 903, 1196, 207, 364, 1267, 1145, 698, 495, 1474, 1217, 1036, 1537, 26, 32, 1252, 1185, 69, 211, 1169, 986, 1073, 1485, 18, 1009, 273, 339, 1087, 891, 1349, 1137, 1375
  WGBH-MLA/ams (162 issues): 123, 202, 248, 190, 9, 146, 356, 326, 128, 308, 230, 154, 162, 28, 42, 120, 88, 164, 299, 245, 246, 206, 207, 306, 25, 211, 87, 76, 35, 101, 83, 317, 54, 176, 354, 182, 200, 26, 148, 37, 33, 153, 305, 310, 21, 175, 345, 105, 19, 296, 318, 366, 217, 17, 323, 133, 277, 241, 32, 41, 279, 365, 22, 64, 65, 58, 118, 234, 151, 144, 70, 184, 94, 143, 240, 47, 99, 166, 130, 222, 2, 121, 147, 72, 328, 78, 226, 193, 59, 8, 353, 186, 229, 294, 89, 93, 364, 181, 52, 324, 316, 288, 86, 16, 167, 220, 106, 254, 235, 98, 252, 69, 284, 15, 142, 30, 334, 149, 201, 357, 177, 258, 180, 100, 320, 227, 315, 287, 322, 161, 152, 203, 63, 139, 108, 48, 218, 198, 295, 233, 95, 160, 199, 257, 127, 278, 330, 185, 178, 56, 116, 215, 113, 53, 49, 183, 171, 122, 103, 238, 31, 247
  cul/ldpd-hyacinth (76 issues): 98, 32, 89, 61, 30, 73, 88, 113, 117, 59, 4, 103, 14, 20, 50, 116, 93, 26, 45, 120, 71, 15, 25, 46, 3, 19, 68, 74, 66, 80, 125, 10, 109, 121, 11, 47, 78, 48, 85, 91, 70, 84, 110, 62, 44, 60, 49, 52, 76, 5, 81, 65, 56, 108, 54, 41, 39, 92, 21, 87, 67, 79, 64, 111, 53, 96, 99, 104, 106, 38, 69, 22, 9, 124, 90, 17
  digital-york/oasis (68 issues): 292, 65, 147, 133, 70, 186, 162, 225, 90, 59, 251, 108, 61, 254, 280, 168, 198, 208, 138, 250, 166, 134, 234, 279, 262, 85, 88, 235, 18, 207, 105, 269, 92, 140, 64, 55, 131, 171, 149, 21, 60, 141, 193, 11, 56, 184, 238, 249, 93, 94, 80, 181, 274, 197, 95, 200, 72, 211, 103, 264, 10, 104, 289, 190, 62, 210, 19, 185
  galterlibrary/digital-repository (25 issues): 566, 448, 562, 556, 683, 584, 619, 586, 626, 675, 615, 667, 614, 689, 579, 673, 632, 659, 679, 589, 609, 693, 577, 580, 541
  uclibs/ucrate (81 issues): 482, 633, 94, 580, 565, 83, 542, 538, 533, 456, 192, 79, 392, 385, 516, 553, 737, 387, 132, 68, 534, 266, 231, 328, 571, 109, 420, 458, 202, 221, 620, 198, 651, 689, 178, 613, 355, 664, 258, 523, 808, 489, 462, 479, 646, 72, 444, 765, 347, 378, 234, 627, 563, 508, 227, 428, 327, 32, 22, 726, 661, 645, 17, 530, 666, 471, 660, 540, 279, 325, 696, 216, 82, 674, 375, 272, 326, 652, 256, 789, 300
  nulib/donut (173 issues): 293, 375, 354, 398, 145, 312, 347, 164, 163, 180, 467, 256, 295, 429, 320, 351, 319, 240, 460, 150, 203, 24, 397, 192, 211, 8, 486, 292, 426, 143, 407, 135, 485, 88, 327, 258, 197, 321, 420, 437, 153, 247, 370, 254, 371, 184, 255, 385, 157, 114, 220, 334, 306, 432, 454, 142, 151, 355, 140, 16, 185, 251, 260, 362, 360, 154, 59, 322, 30, 166, 181, 110, 430, 229, 66, 391, 349, 5, 161, 305, 228, 492, 195, 457, 479, 325, 276, 11, 134, 489, 456, 353, 193, 97, 419, 174, 51, 222, 263, 257, 139, 99, 482, 259, 233, 377, 367, 484, 303, 90, 236, 461, 81, 20, 56, 483, 171, 380, 412, 311, 446, 441, 308, 474, 190, 169, 408, 352, 123, 155, 253, 422, 369, 270, 244, 18, 1, 458, 403, 264, 472, 470, 386, 382, 119, 366, 481, 127, 372, 14, 178, 7, 227, 359, 465, 488, 401, 146, 148, 225, 262, 68, 277, 133, 475, 480, 218, 245, 209, 206, 147, 213, 201
  emory-libraries/dlp-curate (84 issues): 563, 511, 536, 73, 486, 355, 538, 533, 505, 588, 292, 488, 416, 589, 529, 164, 39, 587, 422, 401, 476, 369, 460, 472, 507, 246, 294, 535, 478, 487, 569, 304, 166, 522, 48, 196, 46, 337, 424, 453, 302, 223, 376, 506, 559, 504, 149, 165, 215, 479, 438, 417, 556, 447, 456, 534, 501, 497, 628, 516, 111, 345, 237, 537, 523, 306, 365, 545, 489, 558, 458, 452, 508, 432, 568, 561, 592, 600, 636, 584, 449, 72, 430, 520
  osulp/Scholars-Archive (234 issues): 151, 1540, 1697, 835, 950, 1164, 1914, 1246, 939, 11, 1210, 152, 1776, 1082, 1877, 321, 550, 1112, 1287, 20, 1258, 1747, 1312, 1949, 1203, 647, 975, 155, 1910, 1160, 715, 1046, 468, 1305, 940, 1480, 1565, 851, 1945, 1489, 554, 1304, 330, 482, 1803, 73, 948, 1558, 756, 1225, 1911, 1748, 1212, 1789, 331, 1898, 873, 509, 927, 1890, 827, 234, 1226, 607, 1329, 1956, 1221, 1826, 1850, 1941, 39, 947, 1738, 897, 1465, 1227, 1578, 1900, 483, 1102, 492, 1455, 1333, 886, 282, 1791, 449, 1837, 1831, 1549, 80, 1842, 1666, 223, 1619, 13, 1257, 957, 982, 855, 1899, 1240, 200, 1175, 481, 1284, 285, 470, 1334, 1032, 1795, 1593, 450, 1586, 1458, 82, 30, 915, 1937, 1743, 1431, 533, 1872, 1615, 71, 1664, 480, 237, 1151, 175, 1644, 1860, 1951, 1855, 772, 1570, 972, 1628, 1403, 564, 1585, 1730, 610, 1561, 1856, 1688, 941, 1454, 923, 1121, 70, 1071, 1639, 1873, 1020, 1031, 191, 1211, 925, 1249, 466, 1139, 649, 1663, 1928, 1072, 980, 555, 79, 69, 236, 181, 1701, 1674, 1245, 1478, 724, 1063, 1389, 1767, 698, 1090, 755, 997, 1008, 911, 830, 657, 952, 1327, 604, 754, 1687, 1456, 254, 1117, 1029, 1562, 1461, 469, 1337, 1118, 646, 960, 1364, 255, 1073, 1594, 1571, 498, 638, 1920, 793, 221, 1854, 512, 1030, 1554, 493, 1676, 1415, 538, 1116, 1011, 852, 1720, 1703, 1757, 953, 1138, 1627, 1560, 1746, 307
  psu-libraries/cho (142 issues): 1000, 878, 950, 226, 659, 1002, 968, 710, 335, 644, 1055, 336, 1053, 701, 299, 338, 1049, 911, 959, 284, 918, 342, 534, 367, 982, 291, 1052, 981, 585, 934, 905, 218, 681, 989, 221, 279, 922, 530, 642, 939, 853, 881, 696, 711, 640, 337, 289, 1056, 370, 371, 854, 272, 961, 984, 1023, 282, 983, 1016, 850, 978, 300, 596, 986, 211, 331, 952, 347, 999, 1048, 361, 281, 760, 992, 316, 991, 266, 231, 296, 612, 287, 1015, 945, 935, 346, 666, 380, 758, 275, 219, 747, 942, 780, 269, 262, 554, 270, 767, 271, 661, 606, 682, 943, 985, 925, 676, 365, 1032, 555, 775, 770, 332, 1036, 280, 964, 304, 883, 212, 944, 301, 629, 292, 1042, 749, 303, 879, 260, 753, 368, 1038, 344, 274, 678, 1014, 290, 273, 955, 920, 461, 318, 278, 787, 783
  duke-libraries/ddr-public (187 issues): 328, 188, 178, 257, 536, 527, 327, 510, 508, 454, 163, 280, 285, 559, 538, 65, 111, 497, 521, 583, 265, 541, 282, 495, 11, 90, 496, 500, 545, 9, 498, 362, 526, 506, 584, 520, 66, 162, 153, 243, 311, 95, 577, 515, 502, 333, 164, 352, 183, 113, 518, 543, 594, 323, 452, 534, 592, 490, 212, 160, 12, 487, 191, 290, 588, 238, 359, 245, 488, 494, 294, 475, 89, 195, 470, 350, 139, 513, 432, 492, 165, 326, 404, 88, 47, 561, 371, 353, 540, 463, 208, 368, 190, 509, 166, 281, 152, 133, 485, 356, 376, 317, 335, 589, 291, 590, 547, 572, 351, 385, 405, 132, 501, 147, 284, 13, 159, 459, 184, 482, 529, 313, 354, 555, 598, 347, 549, 276, 329, 309, 546, 449, 224, 563, 171, 170, 182, 425, 302, 491, 134, 289, 286, 157, 383, 537, 511, 231, 355, 582, 573, 531, 342, 264, 263, 373, 187, 274, 446, 486, 340, 312, 105, 304, 580, 310, 411, 423, 180, 158, 122, 194, 456, 149, 275, 241, 334, 493, 539, 460, 320, 363, 68, 325, 179, 237, 484
  gwu-libraries/scholarspace-hyrax (15 issues): 216, 176, 19, 70, 59, 172, 37, 62, 116, 87, 171, 15, 205, 147, 167
  DigitalWPI/digitalwpi (41 issues): 226, 179, 208, 31, 201, 35, 218, 187, 178, 206, 34, 222, 80, 147, 184, 186, 96, 149, 152, 105, 60, 81, 66, 79, 61, 234, 221, 62, 151, 41, 73, 132, 95, 108, 88, 224, 225, 19, 51, 216, 189
  sul-dlss/hydrus (95 issues): 261, 165, 285, 363, 283, 124, 359, 200, 121, 209, 178, 94, 70, 177, 188, 134, 349, 45, 83, 277, 233, 288, 155, 174, 180, 110, 195, 358, 119, 182, 175, 197, 15, 246, 310, 266, 191, 278, 152, 217, 268, 253, 66, 123, 309, 320, 111, 154, 295, 127, 136, 53, 249, 100, 157, 364, 166, 321, 351, 235, 171, 189, 167, 264, 44, 199, 232, 234, 281, 103, 208, 84, 350, 265, 193, 137, 172, 98, 67, 176, 187, 286, 107, 184, 122, 133, 354, 276, 323, 55, 49, 115, 325, 117, 306
  curationexperts/tenejo (78 issues): 183, 157, 132, 248, 125, 254, 197, 168, 253, 171, 2, 193, 235, 153, 159, 129, 204, 130, 194, 59, 226, 246, 218, 182, 150, 122, 123, 105, 237, 240, 175, 203, 164, 189, 162, 58, 145, 156, 36, 79, 146, 94, 238, 229, 12, 255, 228, 127, 18, 82, 57, 195, 71, 65, 260, 196, 80, 5, 173, 124, 169, 239, 32, 192, 252, 247, 200, 4, 108, 198, 233, 7, 244, 56, 75, 27, 119, 34
  OregonDigital/OD2 (92 issues): 311, 566, 519, 294, 204, 569, 450, 331, 221, 59, 473, 673, 18, 245, 742, 546, 645, 327, 235, 9, 170, 288, 140, 252, 249, 631, 396, 129, 448, 125, 354, 291, 139, 484, 131, 485, 438, 176, 12, 434, 218, 205, 2, 466, 350, 496, 156, 479, 321, 512, 790, 418, 638, 498, 536, 467, 307, 773, 784, 353, 151, 700, 300, 295, 401, 243, 337, 714, 152, 14, 676, 750, 491, 4, 577, 587, 339, 718, 192, 58, 367, 394, 395, 775, 158, 453, 675, 61, 737, 630, 68, 446
  ucsblibrary/alexandria (71 issues): 50, 36, 45, 132, 27, 23, 110, 142, 138, 144, 56, 89, 109, 33, 97, 95, 44, 98, 9, 86, 165, 90, 17, 123, 125, 114, 26, 60, 83, 107, 174, 51, 34, 119, 171, 39, 94, 131, 133, 57, 157, 73, 62, 59, 122, 54, 130, 129, 112, 2, 29, 150, 111, 49, 81, 168, 124, 88, 146, 68, 149, 65, 58, 74, 154, 113, 16, 143, 41, 53, 69
  digital-york/ncelp (62 issues): 137, 125, 76, 150, 195, 103, 187, 115, 21, 95, 25, 36, 139, 65, 24, 181, 75, 175, 148, 204, 69, 107, 13, 121, 63, 208, 152, 35, 136, 14, 185, 207, 29, 64, 126, 34, 77, 147, 67, 98, 188, 109, 16, 12, 198, 108, 1, 196, 60, 15, 142, 174, 81, 44, 42, 28, 22, 129, 149, 133, 200, 17
  LafayetteCollegeLibraries/spot (51 issues): 235, 250, 221, 252, 244, 22, 219, 254, 164, 256, 285, 238, 273, 62, 271, 277, 41, 96, 255, 108, 248, 191, 211, 205, 295, 154, 181, 152, 272, 81, 236, 186, 214, 233, 52, 128, 278, 183, 185, 192, 174, 148, 143, 105, 60, 228, 165, 206, 171, 237, 93
  research-technologies_hyrax/leaf (7 issues): 8, 14, 9, 6, 4, 10, 5
  nycrecords/gpp-hyrax (11 issues): 5, 9, 24, 8, 4, 1, 20, 22, 10, 33, 2
  digital-york/arch1 (15 issues): 15, 21, 11, 16, 1, 8, 12, 23, 4, 7, 24, 2, 18, 14, 19
  UW-Libraries/druw (21 issues): 6, 22, 20, 24, 9, 28, 48, 10, 29, 39, 34, 30, 32, 25, 37, 16, 36, 35, 7, 23, 21
  uclibs/gdja (2 issues): 17, 25

Cluster 0:
  close add resource remove link update show set collection facet
  831 issues in 22 repositories

Cluster 1:
  update dependency gem fix hyrax version security latest bundle vulnerability
  658 issues in 33 repositories

Cluster 2:
  add fix field resolve collection page metadata work form new
  1224 issues in 31 repositories

Cluster 3:
  file work set csv fix add connected download upload supplemental
  680 issues in 31 repositories

Cluster 4:
  change test fix description collection form field interface process pr
  541 issues in 31 repositories

Cluster 5:
  fix collection bug field work issue remove search page updated
  1598 issues in 32 repositories

Cluster 6:
  task rake deploystaging merge master add run fix staging exec
  313 issues in 28 repositories

Cluster 7:
  resolve use test remove adding work page field added collection
  5464 issues in 33 repositories

