Loading open issues:
3558 documents

Extracting features from the training dataset using a sparse vectorizer
done in 4.067513s
n_samples: 3558, n_features: 5040

Clustering sparse data with KMeans(algorithm='auto', copy_x=True, init='k-means++', max_iter=100,
       n_clusters=8, n_init=10, n_jobs=None, precompute_distances='auto',
       random_state=None, tol=0.0001, verbose=False)
done in 25.276s

Top terms per cluster:
Cluster 0: related rationale behavior issue significant describes addressed especially work prior
  uclibs/gdja (17 issues): 57, 36, 61, 35, 58, 53, 49, 66, 45, 56, 59, 48, 70, 67, 55, 60, 31
  OregonDigital/OD2 (5 issues): 543, 545, 319, 318, 226
  uclibs/ucrate (1 issues): 796

Cluster 1: file work preservation set fileset upload metadata thumbnail error csv
  DigitalWPI/digitalwpi (6 issues): 52, 121, 69, 214, 46, 86
  pulibrary/figgy (45 issues): 2306, 2634, 3069, 2009, 3139, 3332, 2140, 3076, 2554, 1997, 3218, 3247, 2654, 2095, 3021, 2863, 3097, 2897, 2903, 2836, 2008, 2294, 3201, 3321, 3013, 3378, 3329, 2230, 2522, 2391, 2106, 3299, 2516, 2933, 2268, 3006, 3075, 2939, 3285, 2600, 2883, 3046, 2896, 3194, 2837
  emory-libraries/dlp-curate (92 issues): 283, 441, 319, 348, 287, 358, 576, 296, 484, 318, 127, 225, 186, 162, 549, 219, 437, 632, 21, 301, 624, 329, 454, 13, 295, 217, 305, 154, 249, 243, 330, 288, 220, 578, 194, 580, 160, 258, 208, 411, 485, 593, 248, 547, 24, 323, 273, 119, 250, 262, 426, 209, 289, 582, 604, 120, 84, 436, 252, 22, 475, 351, 349, 254, 423, 23, 242, 532, 96, 263, 8, 391, 322, 614, 285, 253, 577, 281, 143, 442, 145, 325, 298, 350, 2, 451, 482, 25, 637, 210, 291, 324
  curationexperts/tenejo (20 issues): 112, 46, 37, 211, 67, 111, 98, 148, 101, 51, 68, 180, 50, 69, 134, 99, 117, 49, 113, 38
  psu-libraries/cho (31 issues): 695, 828, 793, 897, 827, 967, 893, 702, 741, 802, 930, 685, 913, 813, 765, 1034, 728, 1054, 862, 691, 796, 888, 690, 867, 892, 826, 1063, 845, 740, 703, 1026
  UCLALibrary/californica (10 issues): 394, 533, 471, 571, 481, 504, 503, 408, 491, 531
  galterlibrary/digital-repository (4 issues): 650, 639, 640, 638
  digital-york/oasis (2 issues): 256, 257
  psu-stewardship/scholarsphere (16 issues): 1513, 1586, 1522, 1504, 1445, 1590, 1556, 1589, 1623, 1564, 1578, 1622, 1587, 1580, 1543, 1566
  uclibs/ucrate (16 issues): 727, 507, 750, 729, 556, 682, 781, 668, 703, 574, 709, 679, 488, 686, 638, 457
  digital-york/ncelp (4 issues): 94, 117, 168, 39
  sciencehistory/chf-sufia (6 issues): 1188, 1187, 1206, 1186, 1231, 1189
  UB-Bern/solonline (3 issues): 4, 22, 13
  MPLSFedResearch/cypripedium (4 issues): 273, 276, 232, 282
  gwu-libraries/scholarspace-hyrax (6 issues): 233, 237, 213, 183, 207, 189
  OregonDigital/OD2 (20 issues): 668, 222, 731, 54, 783, 56, 74, 667, 60, 106, 70, 87, 83, 359, 615, 304, 200, 666, 73, 526
  uclibs/gdja (2 issues): 42, 30
  UCSCLibrary/ucsc-library-digital-collections (1 issues): 83
  osulp/Scholars-Archive (6 issues): 1785, 1865, 1802, 1812, 1946, 1955
  LafayetteCollegeLibraries/spot (5 issues): 281, 94, 210, 125, 189
  ucsdlib/damspas (3 issues): 695, 619, 638
  cul/ldpd-hyacinth (1 issues): 107
  WGBH-MLA/ams (1 issues): 325
  curationexperts/laevigata (2 issues): 1834, 1860

Cluster 2: resource search page result show add type work user display
  pulibrary/figgy (94 issues): 2422, 2628, 3010, 2792, 2460, 2918, 2804, 2925, 2434, 3189, 3350, 2393, 3168, 2825, 2640, 3041, 2507, 2802, 2899, 3297, 2092, 2911, 2803, 2623, 2847, 2099, 3152, 1982, 3150, 2452, 3269, 2340, 2870, 2432, 2717, 2798, 2822, 2494, 3035, 2506, 2962, 3405, 2656, 3023, 2929, 2747, 2440, 2330, 2098, 2927, 3176, 2390, 2947, 2663, 2186, 3191, 2125, 3148, 2119, 3241, 2321, 2395, 2719, 2662, 3214, 2912, 2924, 2418, 2518, 3347, 3009, 2394, 3339, 2170, 3187, 3268, 2926, 2444, 3155, 2123, 2707, 2172, 2983, 2328, 2945, 2677, 3186, 2718, 3111, 3349, 2694, 2109, 2353, 2502
  UCLALibrary/californica (13 issues): 545, 570, 265, 413, 348, 297, 267, 553, 536, 264, 414, 451, 525
  OregonDigital/OD2 (52 issues): 490, 690, 588, 202, 694, 600, 604, 733, 482, 328, 601, 595, 686, 607, 234, 740, 683, 238, 680, 629, 763, 669, 684, 602, 755, 685, 608, 445, 598, 599, 687, 520, 726, 689, 650, 233, 356, 532, 597, 792, 681, 237, 679, 358, 688, 262, 537, 463, 374, 590, 603, 646
  LafayetteCollegeLibraries/spot (11 issues): 182, 282, 75, 280, 141, 162, 279, 284, 131, 187, 95
  uclibs/ucrate (14 issues): 524, 590, 705, 622, 468, 526, 602, 773, 600, 683, 771, 780, 579, 816
  digital-york/ncelp (39 issues): 113, 114, 156, 82, 145, 9, 58, 123, 83, 158, 74, 10, 6, 97, 146, 167, 73, 96, 205, 172, 11, 215, 214, 54, 79, 85, 20, 55, 84, 154, 92, 72, 169, 57, 135, 71, 18, 206, 56
  MPLSFedResearch/cypripedium (8 issues): 259, 206, 208, 209, 333, 210, 204, 207
  psu-libraries/cho (27 issues): 800, 974, 895, 811, 890, 737, 924, 1046, 1009, 739, 730, 735, 713, 1005, 849, 1062, 948, 768, 958, 975, 794, 1013, 923, 732, 909, 808, 714
  UCSCLibrary/ucsc-library-digital-collections (2 issues): 87, 85
  DigitalWPI/digitalwpi (9 issues): 134, 54, 107, 174, 92, 169, 192, 176, 220
  ucsdlib/damspas (3 issues): 645, 690, 643
  WGBH-MLA/ams (7 issues): 267, 289, 262, 343, 286, 350, 281
  psu-stewardship/scholarsphere (7 issues): 1573, 1585, 1617, 1591, 1565, 1551, 1602
  curationexperts/laevigata (2 issues): 1883, 1833
  osulp/Scholars-Archive (9 issues): 1736, 1821, 1801, 1960, 1750, 1764, 1732, 1707, 1879
  curationexperts/tenejo (5 issues): 181, 86, 144, 217, 190
  emory-libraries/dlp-curate (2 issues): 622, 434
  UB-Bern/solonline (2 issues): 46, 14
  galterlibrary/digital-repository (3 issues): 651, 685, 665
  gwu-libraries/scholarspace-hyrax (1 issues): 193
  uclibs/gdja (2 issues): 14, 65
  digital-york/oasis (5 issues): 295, 242, 275, 261, 271
  cul/ldpd-hyacinth (1 issues): 130
  digital-york/arch1 (1 issues): 29

Cluster 3: collection work add metadata item page object new type create
  OregonDigital/OD2 (30 issues): 527, 427, 576, 425, 521, 628, 470, 761, 572, 86, 757, 528, 547, 370, 533, 758, 472, 610, 426, 260, 570, 674, 571, 589, 217, 185, 550, 258, 531, 236
  pulibrary/figgy (29 issues): 3246, 3363, 2968, 2266, 2780, 3230, 3016, 2631, 3364, 2669, 2387, 2496, 2448, 2338, 2862, 2329, 2339, 2158, 2626, 3388, 2348, 2586, 2247, 1967, 3078, 3077, 2841, 2970, 2433
  galterlibrary/digital-repository (13 issues): 643, 670, 691, 678, 645, 686, 641, 648, 680, 666, 652, 677, 636
  emory-libraries/dlp-curate (30 issues): 394, 483, 542, 266, 406, 383, 74, 421, 265, 275, 515, 470, 612, 548, 386, 466, 455, 550, 59, 10, 553, 309, 206, 402, 551, 267, 554, 396, 469, 403
  curationexperts/tenejo (7 issues): 85, 152, 135, 232, 84, 44, 199
  ucsdlib/damspas (17 issues): 569, 696, 545, 585, 567, 562, 584, 599, 568, 578, 564, 714, 660, 705, 653, 615, 644
  DigitalWPI/digitalwpi (6 issues): 53, 125, 227, 76, 131, 242
  UCLALibrary/californica (32 issues): 387, 379, 426, 436, 486, 430, 349, 395, 380, 490, 360, 433, 472, 482, 428, 520, 429, 427, 575, 492, 361, 431, 476, 396, 432, 568, 474, 465, 359, 385, 340, 367
  psu-stewardship/scholarsphere (3 issues): 1613, 1552, 1547
  uclibs/ucrate (22 issues): 662, 588, 807, 448, 454, 685, 680, 806, 817, 477, 465, 616, 500, 581, 768, 619, 767, 490, 575, 711, 597, 528
  MPLSFedResearch/cypripedium (6 issues): 328, 197, 257, 202, 256, 205
  psu-libraries/cho (33 issues): 1020, 997, 1006, 684, 837, 1022, 1018, 772, 1007, 817, 977, 799, 1024, 1060, 898, 833, 683, 1025, 973, 798, 807, 896, 847, 824, 1021, 1019, 810, 719, 831, 894, 876, 788, 957
  WGBH-MLA/ams (1 issues): 348
  sul-dlss/hydrus (2 issues): 335, 298
  LafayetteCollegeLibraries/spot (11 issues): 103, 69, 200, 199, 156, 207, 118, 167, 270, 132, 203
  digital-york/ncelp (7 issues): 194, 163, 160, 193, 203, 184, 190
  osulp/Scholars-Archive (6 issues): 1735, 1733, 1897, 1742, 1744, 1739
  nulib/donut (1 issues): 473
  sciencehistory/chf-sufia (2 issues): 1282, 1183
  OregonDigital/oregondigital (2 issues): 1240, 1258
  UCSCLibrary/ucsc-library-digital-collections (1 issues): 84
  curationexperts/laevigata (1 issues): 1931
  UB-Bern/solonline (1 issues): 5
  gwu-libraries/scholarspace-hyrax (1 issues): 232

Cluster 4: work test user summary add error descriptive need update change
  emory-libraries/dlp-curate (213 issues): 181, 7, 261, 404, 4, 41, 95, 139, 359, 193, 617, 56, 81, 610, 623, 633, 26, 228, 585, 405, 135, 613, 608, 53, 646, 205, 457, 444, 17, 192, 238, 395, 34, 191, 634, 51, 336, 198, 562, 378, 276, 32, 540, 347, 45, 619, 360, 630, 607, 314, 232, 409, 130, 418, 465, 626, 389, 113, 618, 103, 388, 398, 255, 156, 297, 631, 627, 570, 182, 541, 15, 230, 93, 177, 353, 344, 640, 235, 625, 58, 234, 49, 498, 575, 12, 491, 270, 172, 133, 552, 357, 11, 621, 316, 382, 408, 380, 43, 241, 471, 311, 221, 560, 98, 620, 342, 317, 468, 163, 161, 67, 159, 37, 400, 531, 390, 272, 315, 264, 461, 122, 167, 352, 239, 397, 69, 346, 176, 573, 321, 207, 99, 413, 332, 44, 35, 231, 384, 644, 68, 1, 635, 572, 393, 372, 361, 144, 375, 364, 57, 114, 521, 3, 6, 27, 233, 603, 645, 80, 14, 92, 47, 9, 240, 474, 431, 94, 259, 331, 82, 354, 385, 363, 112, 100, 605, 202, 52, 29, 187, 31, 629, 320, 33, 524, 118, 450, 313, 229, 83, 602, 28, 30, 38, 132, 189, 152, 79, 312, 55, 609, 586, 188, 137, 138, 190, 499, 36, 343, 185, 639, 574, 42
  OregonDigital/OD2 (246 issues): 501, 386, 277, 330, 261, 78, 209, 743, 76, 220, 229, 306, 93, 334, 416, 365, 383, 522, 695, 454, 380, 752, 753, 175, 343, 326, 357, 411, 364, 303, 542, 672, 697, 489, 122, 662, 173, 286, 659, 206, 678, 432, 469, 310, 181, 412, 278, 69, 756, 399, 215, 163, 77, 475, 145, 117, 212, 298, 441, 499, 183, 759, 400, 696, 341, 515, 409, 414, 440, 96, 408, 281, 126, 197, 739, 213, 619, 403, 406, 345, 751, 347, 544, 90, 372, 225, 320, 191, 97, 324, 583, 478, 621, 384, 338, 263, 239, 290, 188, 137, 560, 391, 174, 265, 323, 746, 190, 493, 182, 282, 518, 525, 699, 464, 612, 643, 224, 693, 184, 617, 160, 130, 503, 104, 266, 413, 410, 79, 378, 344, 387, 193, 760, 177, 248, 379, 596, 382, 362, 144, 584, 171, 371, 283, 385, 194, 377, 523, 95, 325, 774, 259, 223, 227, 333, 421, 101, 166, 164, 80, 172, 253, 161, 452, 442, 132, 455, 231, 165, 270, 208, 275, 567, 423, 376, 147, 66, 637, 264, 273, 392, 195, 592, 717, 556, 780, 180, 593, 228, 85, 346, 210, 187, 744, 578, 57, 381, 91, 98, 113, 749, 99, 276, 716, 594, 72, 591, 551, 84, 535, 297, 230, 81, 169, 242, 105, 701, 159, 794, 728, 55, 616, 513, 214, 207, 369, 443, 274, 613, 314, 785, 524, 552, 373, 244, 781, 398, 94, 554, 162, 471, 167, 247, 186, 754, 415
  psu-libraries/cho (83 issues): 866, 885, 976, 886, 1039, 821, 1010, 814, 782, 818, 762, 692, 763, 963, 694, 931, 917, 846, 927, 842, 1029, 902, 809, 889, 729, 712, 848, 791, 687, 680, 960, 700, 1017, 792, 995, 717, 838, 908, 947, 928, 688, 723, 1027, 738, 689, 1028, 1037, 891, 725, 901, 834, 736, 754, 861, 830, 734, 1011, 868, 784, 773, 718, 1008, 790, 727, 839, 819, 825, 733, 969, 829, 1035, 929, 951, 820, 874, 750, 789, 724, 843, 693, 933, 857, 835
  DigitalWPI/digitalwpi (115 issues): 155, 137, 143, 124, 101, 59, 232, 163, 112, 116, 104, 117, 190, 202, 29, 172, 89, 119, 102, 200, 42, 111, 199, 133, 141, 87, 167, 241, 144, 47, 209, 228, 154, 215, 94, 56, 85, 129, 77, 99, 145, 197, 110, 115, 63, 166, 122, 160, 240, 82, 113, 120, 158, 68, 213, 135, 21, 33, 22, 138, 25, 177, 164, 203, 140, 97, 150, 106, 193, 93, 26, 168, 142, 229, 98, 204, 24, 118, 48, 171, 139, 207, 136, 43, 210, 217, 211, 27, 165, 44, 58, 180, 239, 55, 114, 23, 205, 50, 49, 156, 123, 243, 235, 100, 128, 103, 182, 109, 195, 126, 127, 237, 72, 219, 230
  pulibrary/figgy (377 issues): 3004, 3252, 2402, 2895, 2021, 2150, 3074, 2007, 2556, 2988, 3250, 2842, 1976, 2845, 3309, 2343, 1995, 2882, 2955, 2603, 3127, 2424, 2011, 3158, 2998, 2461, 2977, 2300, 2370, 2239, 2295, 2877, 2205, 2421, 2466, 2441, 3128, 2575, 3235, 3244, 2510, 2855, 3059, 2490, 2881, 2555, 2435, 2244, 2843, 2579, 1984, 2464, 3081, 2813, 3396, 1999, 2324, 2740, 2261, 2401, 2047, 2453, 3122, 3224, 2919, 2987, 2190, 3098, 3411, 3234, 3245, 3025, 3072, 2638, 2291, 2672, 2168, 2046, 2189, 2598, 2388, 2207, 2430, 2651, 2784, 2495, 3142, 2469, 3058, 3345, 2399, 2810, 2655, 2105, 3384, 3038, 3091, 2819, 3149, 3205, 3221, 3005, 2808, 2462, 2907, 2463, 2547, 2016, 2114, 3206, 2470, 3226, 3236, 2975, 2814, 3310, 2727, 3311, 3387, 2692, 2666, 3296, 2014, 3071, 2830, 2208, 2458, 3243, 3121, 2447, 2964, 3017, 2204, 2020, 2334, 3325, 2073, 2459, 3213, 2317, 3320, 3199, 3385, 3119, 2670, 2019, 2030, 2946, 2786, 2457, 2482, 3195, 3326, 2540, 3219, 2602, 2025, 2596, 3406, 3393, 2568, 2874, 3291, 2730, 2773, 2171, 2898, 3237, 3256, 2687, 2691, 3063, 3132, 3390, 2632, 3225, 2234, 2539, 2503, 2188, 2705, 2928, 2053, 3228, 2601, 2584, 3382, 2619, 2531, 3255, 2318, 2407, 2270, 3053, 2118, 2872, 2180, 1983, 2005, 3003, 1993, 3284, 2064, 3359, 2905, 3080, 2774, 2400, 2549, 2285, 2505, 2307, 3070, 2456, 3293, 2068, 3375, 3073, 2082, 3343, 2811, 2943, 3265, 1994, 2465, 2473, 3118, 2431, 2055, 1987, 3323, 3270, 3379, 2622, 2404, 2487, 3057, 2420, 2258, 2280, 2590, 3217, 2595, 2873, 3372, 3267, 2685, 1964, 3307, 2809, 2558, 2198, 3368, 3410, 2156, 2439, 3018, 2610, 2246, 2018, 2959, 3227, 2091, 2878, 2052, 3120, 2483, 2242, 3273, 3238, 2273, 2305, 3282, 3330, 2486, 2644, 2449, 2910, 2162, 2785, 2423, 2816, 2408, 2935, 2900, 2443, 3036, 2834, 2706, 3204, 2930, 1969, 3171, 2023, 2489, 3135, 2427, 2657, 1986, 2185, 2597, 3088, 3381, 2818, 3295, 3034, 2993, 2995, 2940, 3220, 2909, 2476, 2671, 3283, 2581, 2775, 3124, 3404, 2065, 3229, 3288, 2332, 3130, 2521, 2271, 3300, 2029, 2989, 3166, 3052, 3190, 2248, 2566, 2532, 2326, 2709, 2817, 2377, 2884, 2894, 1973, 3020, 3188, 2635, 2689, 3232, 2904, 2772, 1968, 2815, 3037, 2680, 3281, 1980, 2313, 3402, 2838, 3389, 3398, 2446, 3100, 2724, 2866, 3216, 2520, 1974, 3399, 3031, 2425, 2684, 3079, 2979, 2236, 2978, 2501, 2442, 2660
  ucsdlib/damspas (60 issues): 557, 648, 656, 558, 680, 626, 691, 566, 623, 703, 587, 709, 679, 661, 699, 704, 583, 570, 646, 654, 593, 634, 641, 684, 602, 548, 710, 642, 555, 547, 677, 556, 716, 667, 707, 694, 561, 544, 622, 559, 629, 596, 549, 713, 637, 580, 693, 635, 618, 552, 617, 586, 572, 621, 554, 649, 551, 601, 582, 589
  uclibs/ucrate (120 issues): 548, 738, 794, 473, 739, 742, 549, 451, 761, 614, 655, 547, 589, 603, 740, 639, 752, 505, 450, 587, 521, 799, 699, 626, 815, 720, 515, 474, 656, 504, 492, 774, 775, 800, 788, 494, 741, 673, 617, 731, 675, 707, 635, 460, 804, 612, 544, 704, 688, 684, 797, 551, 730, 736, 751, 452, 693, 623, 520, 706, 734, 725, 811, 648, 559, 536, 449, 801, 599, 634, 637, 722, 537, 695, 758, 493, 819, 754, 805, 555, 647, 609, 503, 472, 585, 721, 790, 608, 732, 502, 798, 760, 621, 672, 810, 550, 748, 658, 604, 525, 713, 779, 605, 501, 690, 511, 636, 763, 724, 753, 506, 692, 702, 681, 700, 601, 611, 606, 641, 759
  curationexperts/laevigata (54 issues): 1859, 1911, 1899, 1865, 1832, 1882, 1845, 1944, 1891, 1844, 1929, 1819, 1884, 1912, 1901, 1935, 1910, 1946, 1851, 1846, 1858, 1908, 1836, 1927, 1864, 1897, 1903, 1905, 1873, 1920, 1921, 1835, 1890, 1855, 1869, 1940, 1843, 1847, 1870, 1936, 1837, 1937, 1902, 1939, 1881, 1959, 1871, 1956, 1954, 1913, 1909, 1915, 1960, 1904
  digital-york/arch1 (13 issues): 34, 26, 32, 33, 30, 38, 35, 41, 37, 36, 31, 28, 27
  psu-stewardship/scholarsphere (63 issues): 1520, 1583, 1571, 1582, 1475, 1448, 1460, 1611, 1559, 1437, 1455, 1624, 1511, 1535, 1441, 1438, 1554, 1439, 1505, 1444, 1555, 1563, 1443, 1572, 1514, 1440, 1546, 1492, 1569, 1442, 1619, 1523, 1526, 1524, 1561, 1483, 1536, 1459, 1614, 1451, 1604, 1550, 1584, 1458, 1502, 1433, 1521, 1462, 1530, 1518, 1446, 1560, 1509, 1477, 1558, 1519, 1464, 1434, 1525, 1476, 1527, 1454, 1553
  gwu-libraries/scholarspace-hyrax (30 issues): 226, 224, 192, 206, 187, 229, 210, 214, 218, 231, 196, 217, 202, 194, 222, 234, 215, 208, 191, 203, 185, 201, 197, 220, 221, 195, 212, 188, 228, 204
  UCLALibrary/californica (71 issues): 565, 342, 454, 505, 537, 323, 316, 539, 484, 502, 404, 325, 464, 393, 453, 540, 353, 440, 324, 386, 435, 300, 317, 283, 564, 412, 514, 423, 347, 405, 255, 415, 572, 510, 392, 274, 344, 538, 321, 383, 403, 462, 475, 563, 339, 384, 547, 527, 345, 320, 343, 373, 351, 305, 295, 407, 513, 337, 304, 483, 528, 402, 341, 308, 485, 315, 441, 437, 449, 489, 522
  osulp/Scholars-Archive (67 issues): 1962, 1891, 1727, 1771, 1912, 1805, 1923, 1798, 1880, 1770, 1902, 1917, 1800, 1700, 1878, 1874, 1921, 1726, 1781, 1718, 1892, 1918, 1852, 1721, 1828, 1870, 1886, 1717, 1759, 1926, 1889, 1780, 1782, 1887, 1965, 1859, 1961, 1749, 1925, 1722, 1919, 1857, 1882, 1725, 1905, 1705, 1894, 1904, 1935, 1895, 1813, 1809, 1909, 1714, 1915, 1702, 1824, 1938, 1706, 1808, 1864, 1790, 1723, 1731, 1794, 1906, 1760
  digital-york/ncelp (46 issues): 216, 151, 91, 4, 2, 118, 176, 131, 170, 112, 31, 87, 141, 171, 41, 144, 90, 119, 210, 162, 8, 5, 155, 3, 110, 202, 173, 134, 211, 209, 46, 140, 153, 166, 165, 217, 19, 213, 212, 124, 53, 89, 180, 59, 40, 66
  LafayetteCollegeLibraries/spot (71 issues): 175, 160, 194, 166, 140, 226, 224, 89, 263, 153, 173, 170, 138, 169, 120, 180, 208, 223, 157, 116, 268, 265, 283, 150, 106, 215, 290, 198, 172, 72, 86, 100, 227, 178, 246, 121, 190, 126, 80, 145, 122, 82, 188, 66, 168, 197, 102, 114, 67, 202, 144, 78, 70, 212, 133, 107, 242, 176, 159, 257, 288, 115, 241, 101, 151, 137, 134, 201, 158, 193, 112
  sciencehistory/chf-sufia (29 issues): 1229, 1198, 1199, 1179, 1171, 1172, 1242, 1176, 1286, 1218, 1268, 1192, 1271, 1178, 1194, 1238, 1169, 1184, 1219, 1281, 1193, 1191, 1177, 1228, 1263, 1175, 1253, 1168, 1190
  galterlibrary/digital-repository (16 issues): 660, 669, 690, 656, 633, 684, 681, 662, 663, 672, 635, 658, 653, 671, 668, 644
  WGBH-MLA/ams (32 issues): 266, 333, 282, 261, 359, 273, 335, 340, 341, 339, 265, 360, 292, 351, 338, 264, 329, 336, 302, 260, 352, 290, 268, 304, 311, 263, 346, 298, 337, 259, 272, 309
  UB-Bern/solonline (32 issues): 31, 1, 39, 8, 21, 34, 27, 28, 33, 19, 43, 20, 36, 25, 3, 41, 32, 15, 47, 26, 37, 17, 29, 23, 38, 6, 9, 2, 24, 35, 30, 18
  UCSCLibrary/ucsc-library-digital-collections (8 issues): 90, 93, 91, 86, 89, 88, 92, 94
  MPLSFedResearch/cypripedium (56 issues): 278, 321, 258, 288, 261, 248, 193, 299, 262, 315, 334, 325, 239, 303, 189, 327, 309, 201, 297, 222, 343, 266, 191, 194, 224, 298, 263, 200, 237, 192, 264, 287, 190, 290, 330, 338, 307, 188, 195, 331, 296, 326, 196, 223, 238, 314, 329, 212, 254, 211, 316, 260, 253, 317, 185, 203
  cul/ldpd-hyacinth (7 issues): 97, 114, 131, 100, 133, 105, 119
  curationexperts/tenejo (66 issues): 136, 186, 126, 209, 64, 212, 241, 160, 76, 106, 54, 210, 110, 219, 66, 95, 215, 74, 87, 185, 47, 121, 73, 97, 243, 220, 170, 216, 231, 178, 39, 222, 227, 70, 83, 141, 100, 116, 72, 167, 245, 143, 52, 201, 77, 48, 179, 214, 257, 55, 230, 202, 259, 93, 43, 149, 166, 53, 184, 165, 139, 42, 40, 177, 142, 41
  sul-dlss/hydrus (15 issues): 291, 338, 342, 284, 322, 225, 289, 228, 316, 307, 314, 333, 308, 262, 312
  OregonDigital/oregondigital (27 issues): 1262, 1247, 1241, 1267, 1279, 1271, 1266, 1245, 1250, 1269, 1259, 1260, 1280, 1277, 1243, 1273, 1242, 1255, 1270, 1244, 1265, 1252, 1257, 1261, 1237, 1235, 1246
  digital-york/oasis (23 issues): 239, 255, 236, 243, 258, 241, 291, 263, 282, 281, 286, 247, 273, 297, 288, 237, 270, 290, 294, 283, 253, 246, 287
  uclibs/gdja (21 issues): 5, 11, 2, 68, 3, 9, 12, 43, 4, 16, 41, 71, 10, 6, 29, 44, 22, 39, 50, 26, 24
  research-technologies_hyrax/leaf (2 issues): 12, 11
  nulib/donut (1 issues): 449

Cluster 5: line backtrace honeybadgerio info full view block projectrootappadaptersinstrumentedadapterrb figgyproduction undefined
  curationexperts/laevigata (4 issues): 1918, 1933, 1934, 1917
  pulibrary/figgy (78 issues): 3386, 3374, 2416, 2996, 3233, 2257, 2289, 2374, 2274, 2320, 2788, 3172, 3117, 3028, 2153, 3383, 2674, 3380, 2645, 3370, 3334, 3360, 3395, 2637, 2795, 3354, 3331, 2193, 2437, 2642, 2288, 2994, 2614, 2650, 2534, 2875, 2411, 2573, 2641, 2297, 2999, 2202, 2761, 2867, 2492, 1971, 2356, 2765, 3409, 3240, 2624, 2319, 2720, 2235, 2322, 2991, 1977, 2832, 2636, 2990, 2750, 2722, 2017, 2583, 2042, 2413, 2615, 3352, 3403, 2438, 2646, 2497, 2240, 3365, 2828, 2493, 2768, 2577
  sul-dlss/hydrus (10 issues): 248, 327, 251, 250, 329, 280, 255, 287, 243, 257
  sciencehistory/chf-sufia (3 issues): 1260, 1259, 1258
  curationexperts/tenejo (2 issues): 172, 242
  UCLALibrary/californica (1 issues): 296

Cluster 6: field work metadata label form value type display edit descriptive
  emory-libraries/dlp-curate (68 issues): 18, 158, 5, 286, 370, 387, 77, 63, 110, 124, 615, 199, 125, 87, 218, 367, 134, 328, 75, 527, 494, 66, 179, 616, 439, 90, 78, 269, 131, 65, 427, 61, 419, 492, 64, 89, 463, 356, 282, 19, 462, 440, 467, 257, 85, 443, 91, 519, 260, 141, 142, 86, 379, 203, 136, 40, 140, 128, 178, 88, 268, 76, 310, 148, 381, 407, 271, 503
  LafayetteCollegeLibraries/spot (14 issues): 247, 91, 213, 264, 79, 124, 127, 92, 161, 64, 136, 146, 77, 217
  osulp/Scholars-Archive (34 issues): 1807, 1777, 1811, 1741, 1779, 1713, 1835, 1796, 1709, 1793, 1832, 1843, 1847, 1745, 1778, 1916, 1825, 1868, 1797, 1768, 1851, 1933, 1810, 1773, 1883, 1751, 1799, 1863, 1752, 1728, 1763, 1827, 1834, 1710
  UCLALibrary/californica (30 issues): 473, 266, 521, 357, 506, 509, 458, 456, 285, 546, 279, 281, 452, 457, 507, 508, 439, 358, 447, 269, 434, 272, 336, 400, 280, 444, 284, 511, 322, 268
  psu-libraries/cho (32 issues): 877, 803, 926, 872, 797, 686, 1043, 863, 832, 731, 752, 806, 801, 720, 836, 899, 844, 722, 998, 706, 815, 805, 721, 949, 875, 726, 781, 860, 715, 816, 1012, 804
  OregonDigital/OD2 (61 issues): 494, 504, 360, 75, 268, 437, 614, 108, 316, 609, 332, 707, 506, 241, 529, 579, 109, 538, 778, 271, 366, 682, 111, 480, 88, 530, 143, 335, 312, 267, 287, 269, 107, 793, 317, 764, 644, 154, 146, 71, 142, 397, 348, 315, 308, 611, 500, 134, 168, 302, 272, 606, 211, 82, 110, 502, 313, 462, 429, 605, 741
  uclibs/ucrate (42 issues): 510, 803, 701, 802, 564, 809, 570, 746, 728, 698, 453, 659, 813, 629, 464, 554, 487, 615, 591, 630, 691, 657, 514, 671, 607, 560, 708, 592, 812, 519, 785, 569, 593, 653, 755, 795, 770, 764, 529, 527, 470, 814
  sciencehistory/chf-sufia (16 issues): 1224, 1240, 1170, 1180, 1255, 1215, 1210, 1276, 1273, 1254, 1266, 1208, 1278, 1244, 1212, 1217
  pulibrary/figgy (17 issues): 2428, 2292, 2801, 2604, 3280, 3223, 1979, 1978, 3193, 2508, 2129, 1981, 3103, 2187, 2296, 2085, 2649
  UB-Bern/solonline (7 issues): 12, 10, 11, 45, 40, 16, 7
  curationexperts/laevigata (3 issues): 1949, 1889, 1957
  gwu-libraries/scholarspace-hyrax (7 issues): 199, 184, 223, 211, 200, 219, 198
  MPLSFedResearch/cypripedium (1 issues): 265
  curationexperts/tenejo (13 issues): 89, 206, 92, 62, 45, 90, 115, 188, 118, 120, 207, 91, 137
  OregonDigital/oregondigital (7 issues): 1276, 1263, 1253, 1272, 1275, 1268, 1274
  digital-york/ncelp (16 issues): 86, 52, 23, 93, 88, 47, 132, 45, 7, 50, 111, 51, 48, 43, 157, 122
  WGBH-MLA/ams (5 issues): 307, 269, 270, 271, 363
  psu-stewardship/scholarsphere (7 issues): 1453, 1503, 1588, 1506, 1466, 1625, 1577
  digital-york/oasis (3 issues): 245, 248, 277
  cul/ldpd-hyacinth (6 issues): 127, 129, 101, 102, 128, 132
  galterlibrary/digital-repository (5 issues): 654, 630, 655, 629, 634
  DigitalWPI/digitalwpi (7 issues): 36, 175, 153, 37, 65, 32, 64
  ucsdlib/damspas (2 issues): 632, 633
  sul-dlss/hydrus (1 issues): 269
  nulib/donut (2 issues): 373, 374
  uclibs/gdja (3 issues): 38, 69, 40

Cluster 7: child coin playlist numismatic issue 2025 track parent recording add
  MPLSFedResearch/cypripedium (9 issues): 283, 199, 198, 306, 284, 323, 320, 322, 324
  DigitalWPI/digitalwpi (2 issues): 84, 57
  pulibrary/figgy (150 issues): 2648, 2127, 2741, 2200, 3185, 2015, 2263, 2778, 2529, 2504, 3026, 2070, 2174, 2528, 2383, 2976, 2797, 2426, 2284, 2149, 2267, 2074, 2069, 2218, 2221, 2096, 2703, 2173, 2715, 1992, 2455, 2511, 2409, 2010, 2967, 3062, 2731, 2467, 2217, 2138, 2260, 2139, 2141, 2714, 2102, 3249, 2201, 1988, 2298, 2758, 2165, 2062, 2037, 2652, 2147, 2833, 2865, 2216, 2000, 2675, 2419, 3064, 2104, 2608, 2027, 2342, 2389, 2002, 2066, 2101, 3203, 2384, 2789, 3060, 3012, 2079, 2083, 2716, 2203, 2678, 2729, 3061, 2315, 2934, 2220, 2835, 2078, 2745, 2090, 2653, 2175, 2859, 2264, 2031, 2309, 2089, 2735, 2142, 3156, 2643, 2003, 2100, 2794, 2451, 2081, 2262, 2115, 2045, 2126, 2057, 2044, 2484, 2080, 2219, 2043, 1991, 1989, 2316, 2582, 2128, 2199, 2688, 2690, 2177, 2984, 2084, 2033, 2551, 2574, 2067, 1990, 2856, 2916, 2265, 2937, 2796, 2034, 2036, 2429, 2743, 2013, 2222, 2844, 2776, 2097, 2103, 3008, 2137, 2028, 2001
  emory-libraries/dlp-curate (5 issues): 121, 146, 464, 392, 284
  uclibs/ucrate (1 issues): 710
  psu-libraries/cho (1 issues): 757
  psu-stewardship/scholarsphere (1 issues): 1562
  WGBH-MLA/ams (1 issues): 303
  sciencehistory/chf-sufia (3 issues): 1261, 1233, 1251
  OregonDigital/oregondigital (2 issues): 1249, 1278

Cluster 0:
  related rationale behavior issue significant describes addressed especially work prior
  23 issues in 3 repositories

Cluster 1:
  file work preservation set fileset upload metadata thumbnail error csv
  306 issues in 24 repositories

Cluster 2:
  resource search page result show add type work user display
  319 issues in 24 repositories

Cluster 3:
  collection work add metadata item page object new type create
  264 issues in 24 repositories

Cluster 4:
  work test user summary add error descriptive need update change
  1964 issues in 29 repositories

Cluster 5:
  line backtrace honeybadgerio info full view block projectrootappadaptersinstrumentedadapterrb figgyproduction undefined
  98 issues in 6 repositories

Cluster 6:
  field work metadata label form value type display edit descriptive
  409 issues in 26 repositories

Cluster 7:
  child coin playlist numismatic issue 2025 track parent recording add
  175 issues in 10 repositories

